"subject" "activity" "mean_tbodyaccmag_minus_mean" "mean_tbodyaccmag_minus_std" "mean_tgravityaccmag_minus_mean" "mean_tgravityaccmag_minus_std" "mean_tbodyaccjerkmag_minus_mean" "mean_tbodyjerkmag_minus_std" "mean_tbodygyromag_minus_mean" "mean_tbodygyromag_minus_std" "mean_tbodygyrojerkmag_minus_mean" "mean_tbodygyrojerkmag_minus_std"
7 "WALKING" -0.54822165976717 -0.591225327146546 -0.54822165976717 -0.591225327146546 -0.649417950650692 -0.627762945785391 -0.60524856977632 -0.662533062898382 -0.762137610987416 -0.77799317279698
21 "WALKING" -0.54822165976717 -0.591225327146546 -0.54822165976717 -0.591225327146546 -0.649417950650692 -0.627762945785391 -0.60524856977632 -0.662533062898382 -0.762137610987416 -0.77799317279698
18 "WALKING" -0.54822165976717 -0.591225327146546 -0.54822165976717 -0.591225327146546 -0.649417950650692 -0.627762945785391 -0.60524856977632 -0.662533062898382 -0.762137610987416 -0.77799317279698
11 "WALKING" -0.54822165976717 -0.591225327146546 -0.54822165976717 -0.591225327146546 -0.649417950650692 -0.627762945785391 -0.60524856977632 -0.662533062898382 -0.762137610987416 -0.77799317279698
20 "WALKING" -0.54822165976717 -0.591225327146546 -0.54822165976717 -0.591225327146546 -0.649417950650692 -0.627762945785391 -0.60524856977632 -0.662533062898382 -0.762137610987416 -0.77799317279698
22 "WALKING" -0.54822165976717 -0.591225327146546 -0.54822165976717 -0.591225327146546 -0.649417950650692 -0.627762945785391 -0.60524856977632 -0.662533062898382 -0.762137610987416 -0.77799317279698
26 "WALKING" -0.54822165976717 -0.591225327146546 -0.54822165976717 -0.591225327146546 -0.649417950650692 -0.627762945785391 -0.60524856977632 -0.662533062898382 -0.762137610987416 -0.77799317279698
6 "WALKING" -0.54822165976717 -0.591225327146546 -0.54822165976717 -0.591225327146546 -0.649417950650692 -0.627762945785391 -0.60524856977632 -0.662533062898382 -0.762137610987416 -0.77799317279698
19 "WALKING" -0.54822165976717 -0.591225327146546 -0.54822165976717 -0.591225327146546 -0.649417950650692 -0.627762945785391 -0.60524856977632 -0.662533062898382 -0.762137610987416 -0.77799317279698
14 "WALKING" -0.54822165976717 -0.591225327146546 -0.54822165976717 -0.591225327146546 -0.649417950650692 -0.627762945785391 -0.60524856977632 -0.662533062898382 -0.762137610987416 -0.77799317279698
29 "WALKING" -0.54822165976717 -0.591225327146546 -0.54822165976717 -0.591225327146546 -0.649417950650692 -0.627762945785391 -0.60524856977632 -0.662533062898382 -0.762137610987416 -0.77799317279698
27 "WALKING" -0.54822165976717 -0.591225327146546 -0.54822165976717 -0.591225327146546 -0.649417950650692 -0.627762945785391 -0.60524856977632 -0.662533062898382 -0.762137610987416 -0.77799317279698
4 "WALKING" -0.54822165976717 -0.591225327146546 -0.54822165976717 -0.591225327146546 -0.649417950650692 -0.627762945785391 -0.60524856977632 -0.662533062898382 -0.762137610987416 -0.77799317279698
3 "WALKING" -0.54822165976717 -0.591225327146546 -0.54822165976717 -0.591225327146546 -0.649417950650692 -0.627762945785391 -0.60524856977632 -0.662533062898382 -0.762137610987416 -0.77799317279698
30 "WALKING" -0.54822165976717 -0.591225327146546 -0.54822165976717 -0.591225327146546 -0.649417950650692 -0.627762945785391 -0.60524856977632 -0.662533062898382 -0.762137610987416 -0.77799317279698
13 "WALKING" -0.54822165976717 -0.591225327146546 -0.54822165976717 -0.591225327146546 -0.649417950650692 -0.627762945785391 -0.60524856977632 -0.662533062898382 -0.762137610987416 -0.77799317279698
9 "WALKING" -0.54822165976717 -0.591225327146546 -0.54822165976717 -0.591225327146546 -0.649417950650692 -0.627762945785391 -0.60524856977632 -0.662533062898382 -0.762137610987416 -0.77799317279698
12 "WALKING" -0.54822165976717 -0.591225327146546 -0.54822165976717 -0.591225327146546 -0.649417950650692 -0.627762945785391 -0.60524856977632 -0.662533062898382 -0.762137610987416 -0.77799317279698
1 "WALKING" -0.54822165976717 -0.591225327146546 -0.54822165976717 -0.591225327146546 -0.649417950650692 -0.627762945785391 -0.60524856977632 -0.662533062898382 -0.762137610987416 -0.77799317279698
8 "WALKING" -0.54822165976717 -0.591225327146546 -0.54822165976717 -0.591225327146546 -0.649417950650692 -0.627762945785391 -0.60524856977632 -0.662533062898382 -0.762137610987416 -0.77799317279698
23 "WALKING" -0.54822165976717 -0.591225327146546 -0.54822165976717 -0.591225327146546 -0.649417950650692 -0.627762945785391 -0.60524856977632 -0.662533062898382 -0.762137610987416 -0.77799317279698
25 "WALKING" -0.54822165976717 -0.591225327146546 -0.54822165976717 -0.591225327146546 -0.649417950650692 -0.627762945785391 -0.60524856977632 -0.662533062898382 -0.762137610987416 -0.77799317279698
5 "WALKING" -0.54822165976717 -0.591225327146546 -0.54822165976717 -0.591225327146546 -0.649417950650692 -0.627762945785391 -0.60524856977632 -0.662533062898382 -0.762137610987416 -0.77799317279698
28 "WALKING" -0.54822165976717 -0.591225327146546 -0.54822165976717 -0.591225327146546 -0.649417950650692 -0.627762945785391 -0.60524856977632 -0.662533062898382 -0.762137610987416 -0.77799317279698
10 "WALKING" -0.54822165976717 -0.591225327146546 -0.54822165976717 -0.591225327146546 -0.649417950650692 -0.627762945785391 -0.60524856977632 -0.662533062898382 -0.762137610987416 -0.77799317279698
24 "WALKING" -0.54822165976717 -0.591225327146546 -0.54822165976717 -0.591225327146546 -0.649417950650692 -0.627762945785391 -0.60524856977632 -0.662533062898382 -0.762137610987416 -0.77799317279698
15 "WALKING" -0.54822165976717 -0.591225327146546 -0.54822165976717 -0.591225327146546 -0.649417950650692 -0.627762945785391 -0.60524856977632 -0.662533062898382 -0.762137610987416 -0.77799317279698
16 "WALKING" -0.54822165976717 -0.591225327146546 -0.54822165976717 -0.591225327146546 -0.649417950650692 -0.627762945785391 -0.60524856977632 -0.662533062898382 -0.762137610987416 -0.77799317279698
2 "WALKING" -0.54822165976717 -0.591225327146546 -0.54822165976717 -0.591225327146546 -0.649417950650692 -0.627762945785391 -0.60524856977632 -0.662533062898382 -0.762137610987416 -0.77799317279698
17 "WALKING" -0.54822165976717 -0.591225327146546 -0.54822165976717 -0.591225327146546 -0.649417950650692 -0.627762945785391 -0.60524856977632 -0.662533062898382 -0.762137610987416 -0.77799317279698
3 "WALKING_UPSTAIRS" -0.54822165976717 -0.591225327146546 -0.54822165976717 -0.591225327146546 -0.649417950650692 -0.627762945785391 -0.60524856977632 -0.662533062898382 -0.762137610987416 -0.77799317279698
1 "WALKING_UPSTAIRS" -0.54822165976717 -0.591225327146546 -0.54822165976717 -0.591225327146546 -0.649417950650692 -0.627762945785391 -0.60524856977632 -0.662533062898382 -0.762137610987416 -0.77799317279698
21 "WALKING_UPSTAIRS" -0.54822165976717 -0.591225327146546 -0.54822165976717 -0.591225327146546 -0.649417950650692 -0.627762945785391 -0.60524856977632 -0.662533062898382 -0.762137610987416 -0.77799317279698
23 "WALKING_UPSTAIRS" -0.54822165976717 -0.591225327146546 -0.54822165976717 -0.591225327146546 -0.649417950650692 -0.627762945785391 -0.60524856977632 -0.662533062898382 -0.762137610987416 -0.77799317279698
13 "WALKING_UPSTAIRS" -0.54822165976717 -0.591225327146546 -0.54822165976717 -0.591225327146546 -0.649417950650692 -0.627762945785391 -0.60524856977632 -0.662533062898382 -0.762137610987416 -0.77799317279698
20 "WALKING_UPSTAIRS" -0.54822165976717 -0.591225327146546 -0.54822165976717 -0.591225327146546 -0.649417950650692 -0.627762945785391 -0.60524856977632 -0.662533062898382 -0.762137610987416 -0.77799317279698
22 "WALKING_UPSTAIRS" -0.54822165976717 -0.591225327146546 -0.54822165976717 -0.591225327146546 -0.649417950650692 -0.627762945785391 -0.60524856977632 -0.662533062898382 -0.762137610987416 -0.77799317279698
4 "WALKING_UPSTAIRS" -0.54822165976717 -0.591225327146546 -0.54822165976717 -0.591225327146546 -0.649417950650692 -0.627762945785391 -0.60524856977632 -0.662533062898382 -0.762137610987416 -0.77799317279698
12 "WALKING_UPSTAIRS" -0.54822165976717 -0.591225327146546 -0.54822165976717 -0.591225327146546 -0.649417950650692 -0.627762945785391 -0.60524856977632 -0.662533062898382 -0.762137610987416 -0.77799317279698
9 "WALKING_UPSTAIRS" -0.54822165976717 -0.591225327146546 -0.54822165976717 -0.591225327146546 -0.649417950650692 -0.627762945785391 -0.60524856977632 -0.662533062898382 -0.762137610987416 -0.77799317279698
7 "WALKING_UPSTAIRS" -0.54822165976717 -0.591225327146546 -0.54822165976717 -0.591225327146546 -0.649417950650692 -0.627762945785391 -0.60524856977632 -0.662533062898382 -0.762137610987416 -0.77799317279698
11 "WALKING_UPSTAIRS" -0.54822165976717 -0.591225327146546 -0.54822165976717 -0.591225327146546 -0.649417950650692 -0.627762945785391 -0.60524856977632 -0.662533062898382 -0.762137610987416 -0.77799317279698
2 "WALKING_UPSTAIRS" -0.54822165976717 -0.591225327146546 -0.54822165976717 -0.591225327146546 -0.649417950650692 -0.627762945785391 -0.60524856977632 -0.662533062898382 -0.762137610987416 -0.77799317279698
6 "WALKING_UPSTAIRS" -0.54822165976717 -0.591225327146546 -0.54822165976717 -0.591225327146546 -0.649417950650692 -0.627762945785391 -0.60524856977632 -0.662533062898382 -0.762137610987416 -0.77799317279698
25 "WALKING_UPSTAIRS" -0.54822165976717 -0.591225327146546 -0.54822165976717 -0.591225327146546 -0.649417950650692 -0.627762945785391 -0.60524856977632 -0.662533062898382 -0.762137610987416 -0.77799317279698
5 "WALKING_UPSTAIRS" -0.54822165976717 -0.591225327146546 -0.54822165976717 -0.591225327146546 -0.649417950650692 -0.627762945785391 -0.60524856977632 -0.662533062898382 -0.762137610987416 -0.77799317279698
18 "WALKING_UPSTAIRS" -0.54822165976717 -0.591225327146546 -0.54822165976717 -0.591225327146546 -0.649417950650692 -0.627762945785391 -0.60524856977632 -0.662533062898382 -0.762137610987416 -0.77799317279698
15 "WALKING_UPSTAIRS" -0.54822165976717 -0.591225327146546 -0.54822165976717 -0.591225327146546 -0.649417950650692 -0.627762945785391 -0.60524856977632 -0.662533062898382 -0.762137610987416 -0.77799317279698
26 "WALKING_UPSTAIRS" -0.54822165976717 -0.591225327146546 -0.54822165976717 -0.591225327146546 -0.649417950650692 -0.627762945785391 -0.60524856977632 -0.662533062898382 -0.762137610987416 -0.77799317279698
8 "WALKING_UPSTAIRS" -0.54822165976717 -0.591225327146546 -0.54822165976717 -0.591225327146546 -0.649417950650692 -0.627762945785391 -0.60524856977632 -0.662533062898382 -0.762137610987416 -0.77799317279698
27 "WALKING_UPSTAIRS" -0.54822165976717 -0.591225327146546 -0.54822165976717 -0.591225327146546 -0.649417950650692 -0.627762945785391 -0.60524856977632 -0.662533062898382 -0.762137610987416 -0.77799317279698
14 "WALKING_UPSTAIRS" -0.54822165976717 -0.591225327146546 -0.54822165976717 -0.591225327146546 -0.649417950650692 -0.627762945785391 -0.60524856977632 -0.662533062898382 -0.762137610987416 -0.77799317279698
16 "WALKING_UPSTAIRS" -0.54822165976717 -0.591225327146546 -0.54822165976717 -0.591225327146546 -0.649417950650692 -0.627762945785391 -0.60524856977632 -0.662533062898382 -0.762137610987416 -0.77799317279698
28 "WALKING_UPSTAIRS" -0.54822165976717 -0.591225327146546 -0.54822165976717 -0.591225327146546 -0.649417950650692 -0.627762945785391 -0.60524856977632 -0.662533062898382 -0.762137610987416 -0.77799317279698
24 "WALKING_UPSTAIRS" -0.54822165976717 -0.591225327146546 -0.54822165976717 -0.591225327146546 -0.649417950650692 -0.627762945785391 -0.60524856977632 -0.662533062898382 -0.762137610987416 -0.77799317279698
17 "WALKING_UPSTAIRS" -0.54822165976717 -0.591225327146546 -0.54822165976717 -0.591225327146546 -0.649417950650692 -0.627762945785391 -0.60524856977632 -0.662533062898382 -0.762137610987416 -0.77799317279698
29 "WALKING_UPSTAIRS" -0.54822165976717 -0.591225327146546 -0.54822165976717 -0.591225327146546 -0.649417950650692 -0.627762945785391 -0.60524856977632 -0.662533062898382 -0.762137610987416 -0.77799317279698
10 "WALKING_UPSTAIRS" -0.54822165976717 -0.591225327146546 -0.54822165976717 -0.591225327146546 -0.649417950650692 -0.627762945785391 -0.60524856977632 -0.662533062898382 -0.762137610987416 -0.77799317279698
19 "WALKING_UPSTAIRS" -0.54822165976717 -0.591225327146546 -0.54822165976717 -0.591225327146546 -0.649417950650692 -0.627762945785391 -0.60524856977632 -0.662533062898382 -0.762137610987416 -0.77799317279698
30 "WALKING_UPSTAIRS" -0.54822165976717 -0.591225327146546 -0.54822165976717 -0.591225327146546 -0.649417950650692 -0.627762945785391 -0.60524856977632 -0.662533062898382 -0.762137610987416 -0.77799317279698
3 "WALKING_DOWNSTAIRS" -0.54822165976717 -0.591225327146546 -0.54822165976717 -0.591225327146546 -0.649417950650692 -0.627762945785391 -0.60524856977632 -0.662533062898382 -0.762137610987416 -0.77799317279698
13 "WALKING_DOWNSTAIRS" -0.54822165976717 -0.591225327146546 -0.54822165976717 -0.591225327146546 -0.649417950650692 -0.627762945785391 -0.60524856977632 -0.662533062898382 -0.762137610987416 -0.77799317279698
7 "WALKING_DOWNSTAIRS" -0.54822165976717 -0.591225327146546 -0.54822165976717 -0.591225327146546 -0.649417950650692 -0.627762945785391 -0.60524856977632 -0.662533062898382 -0.762137610987416 -0.77799317279698
14 "WALKING_DOWNSTAIRS" -0.54822165976717 -0.591225327146546 -0.54822165976717 -0.591225327146546 -0.649417950650692 -0.627762945785391 -0.60524856977632 -0.662533062898382 -0.762137610987416 -0.77799317279698
20 "WALKING_DOWNSTAIRS" -0.54822165976717 -0.591225327146546 -0.54822165976717 -0.591225327146546 -0.649417950650692 -0.627762945785391 -0.60524856977632 -0.662533062898382 -0.762137610987416 -0.77799317279698
18 "WALKING_DOWNSTAIRS" -0.54822165976717 -0.591225327146546 -0.54822165976717 -0.591225327146546 -0.649417950650692 -0.627762945785391 -0.60524856977632 -0.662533062898382 -0.762137610987416 -0.77799317279698
9 "WALKING_DOWNSTAIRS" -0.54822165976717 -0.591225327146546 -0.54822165976717 -0.591225327146546 -0.649417950650692 -0.627762945785391 -0.60524856977632 -0.662533062898382 -0.762137610987416 -0.77799317279698
11 "WALKING_DOWNSTAIRS" -0.54822165976717 -0.591225327146546 -0.54822165976717 -0.591225327146546 -0.649417950650692 -0.627762945785391 -0.60524856977632 -0.662533062898382 -0.762137610987416 -0.77799317279698
24 "WALKING_DOWNSTAIRS" -0.54822165976717 -0.591225327146546 -0.54822165976717 -0.591225327146546 -0.649417950650692 -0.627762945785391 -0.60524856977632 -0.662533062898382 -0.762137610987416 -0.77799317279698
22 "WALKING_DOWNSTAIRS" -0.54822165976717 -0.591225327146546 -0.54822165976717 -0.591225327146546 -0.649417950650692 -0.627762945785391 -0.60524856977632 -0.662533062898382 -0.762137610987416 -0.77799317279698
19 "WALKING_DOWNSTAIRS" -0.54822165976717 -0.591225327146546 -0.54822165976717 -0.591225327146546 -0.649417950650692 -0.627762945785391 -0.60524856977632 -0.662533062898382 -0.762137610987416 -0.77799317279698
6 "WALKING_DOWNSTAIRS" -0.54822165976717 -0.591225327146546 -0.54822165976717 -0.591225327146546 -0.649417950650692 -0.627762945785391 -0.60524856977632 -0.662533062898382 -0.762137610987416 -0.77799317279698
15 "WALKING_DOWNSTAIRS" -0.54822165976717 -0.591225327146546 -0.54822165976717 -0.591225327146546 -0.649417950650692 -0.627762945785391 -0.60524856977632 -0.662533062898382 -0.762137610987416 -0.77799317279698
17 "WALKING_DOWNSTAIRS" -0.54822165976717 -0.591225327146546 -0.54822165976717 -0.591225327146546 -0.649417950650692 -0.627762945785391 -0.60524856977632 -0.662533062898382 -0.762137610987416 -0.77799317279698
1 "WALKING_DOWNSTAIRS" -0.54822165976717 -0.591225327146546 -0.54822165976717 -0.591225327146546 -0.649417950650692 -0.627762945785391 -0.60524856977632 -0.662533062898382 -0.762137610987416 -0.77799317279698
21 "WALKING_DOWNSTAIRS" -0.54822165976717 -0.591225327146546 -0.54822165976717 -0.591225327146546 -0.649417950650692 -0.627762945785391 -0.60524856977632 -0.662533062898382 -0.762137610987416 -0.77799317279698
23 "WALKING_DOWNSTAIRS" -0.54822165976717 -0.591225327146546 -0.54822165976717 -0.591225327146546 -0.649417950650692 -0.627762945785391 -0.60524856977632 -0.662533062898382 -0.762137610987416 -0.77799317279698
25 "WALKING_DOWNSTAIRS" -0.54822165976717 -0.591225327146546 -0.54822165976717 -0.591225327146546 -0.649417950650692 -0.627762945785391 -0.60524856977632 -0.662533062898382 -0.762137610987416 -0.77799317279698
4 "WALKING_DOWNSTAIRS" -0.54822165976717 -0.591225327146546 -0.54822165976717 -0.591225327146546 -0.649417950650692 -0.627762945785391 -0.60524856977632 -0.662533062898382 -0.762137610987416 -0.77799317279698
26 "WALKING_DOWNSTAIRS" -0.54822165976717 -0.591225327146546 -0.54822165976717 -0.591225327146546 -0.649417950650692 -0.627762945785391 -0.60524856977632 -0.662533062898382 -0.762137610987416 -0.77799317279698
5 "WALKING_DOWNSTAIRS" -0.54822165976717 -0.591225327146546 -0.54822165976717 -0.591225327146546 -0.649417950650692 -0.627762945785391 -0.60524856977632 -0.662533062898382 -0.762137610987416 -0.77799317279698
8 "WALKING_DOWNSTAIRS" -0.54822165976717 -0.591225327146546 -0.54822165976717 -0.591225327146546 -0.649417950650692 -0.627762945785391 -0.60524856977632 -0.662533062898382 -0.762137610987416 -0.77799317279698
29 "WALKING_DOWNSTAIRS" -0.54822165976717 -0.591225327146546 -0.54822165976717 -0.591225327146546 -0.649417950650692 -0.627762945785391 -0.60524856977632 -0.662533062898382 -0.762137610987416 -0.77799317279698
27 "WALKING_DOWNSTAIRS" -0.54822165976717 -0.591225327146546 -0.54822165976717 -0.591225327146546 -0.649417950650692 -0.627762945785391 -0.60524856977632 -0.662533062898382 -0.762137610987416 -0.77799317279698
10 "WALKING_DOWNSTAIRS" -0.54822165976717 -0.591225327146546 -0.54822165976717 -0.591225327146546 -0.649417950650692 -0.627762945785391 -0.60524856977632 -0.662533062898382 -0.762137610987416 -0.77799317279698
16 "WALKING_DOWNSTAIRS" -0.54822165976717 -0.591225327146546 -0.54822165976717 -0.591225327146546 -0.649417950650692 -0.627762945785391 -0.60524856977632 -0.662533062898382 -0.762137610987416 -0.77799317279698
12 "WALKING_DOWNSTAIRS" -0.54822165976717 -0.591225327146546 -0.54822165976717 -0.591225327146546 -0.649417950650692 -0.627762945785391 -0.60524856977632 -0.662533062898382 -0.762137610987416 -0.77799317279698
28 "WALKING_DOWNSTAIRS" -0.54822165976717 -0.591225327146546 -0.54822165976717 -0.591225327146546 -0.649417950650692 -0.627762945785391 -0.60524856977632 -0.662533062898382 -0.762137610987416 -0.77799317279698
30 "WALKING_DOWNSTAIRS" -0.54822165976717 -0.591225327146546 -0.54822165976717 -0.591225327146546 -0.649417950650692 -0.627762945785391 -0.60524856977632 -0.662533062898382 -0.762137610987416 -0.77799317279698
2 "WALKING_DOWNSTAIRS" -0.54822165976717 -0.591225327146546 -0.54822165976717 -0.591225327146546 -0.649417950650692 -0.627762945785391 -0.60524856977632 -0.662533062898382 -0.762137610987416 -0.77799317279698
3 "SITTING" -0.54822165976717 -0.591225327146546 -0.54822165976717 -0.591225327146546 -0.649417950650692 -0.627762945785391 -0.60524856977632 -0.662533062898382 -0.762137610987416 -0.77799317279698
29 "SITTING" -0.54822165976717 -0.591225327146546 -0.54822165976717 -0.591225327146546 -0.649417950650692 -0.627762945785391 -0.60524856977632 -0.662533062898382 -0.762137610987416 -0.77799317279698
4 "SITTING" -0.54822165976717 -0.591225327146546 -0.54822165976717 -0.591225327146546 -0.649417950650692 -0.627762945785391 -0.60524856977632 -0.662533062898382 -0.762137610987416 -0.77799317279698
10 "SITTING" -0.54822165976717 -0.591225327146546 -0.54822165976717 -0.591225327146546 -0.649417950650692 -0.627762945785391 -0.60524856977632 -0.662533062898382 -0.762137610987416 -0.77799317279698
7 "SITTING" -0.54822165976717 -0.591225327146546 -0.54822165976717 -0.591225327146546 -0.649417950650692 -0.627762945785391 -0.60524856977632 -0.662533062898382 -0.762137610987416 -0.77799317279698
12 "SITTING" -0.54822165976717 -0.591225327146546 -0.54822165976717 -0.591225327146546 -0.649417950650692 -0.627762945785391 -0.60524856977632 -0.662533062898382 -0.762137610987416 -0.77799317279698
28 "SITTING" -0.54822165976717 -0.591225327146546 -0.54822165976717 -0.591225327146546 -0.649417950650692 -0.627762945785391 -0.60524856977632 -0.662533062898382 -0.762137610987416 -0.77799317279698
6 "SITTING" -0.54822165976717 -0.591225327146546 -0.54822165976717 -0.591225327146546 -0.649417950650692 -0.627762945785391 -0.60524856977632 -0.662533062898382 -0.762137610987416 -0.77799317279698
21 "SITTING" -0.54822165976717 -0.591225327146546 -0.54822165976717 -0.591225327146546 -0.649417950650692 -0.627762945785391 -0.60524856977632 -0.662533062898382 -0.762137610987416 -0.77799317279698
25 "SITTING" -0.54822165976717 -0.591225327146546 -0.54822165976717 -0.591225327146546 -0.649417950650692 -0.627762945785391 -0.60524856977632 -0.662533062898382 -0.762137610987416 -0.77799317279698
30 "SITTING" -0.54822165976717 -0.591225327146546 -0.54822165976717 -0.591225327146546 -0.649417950650692 -0.627762945785391 -0.60524856977632 -0.662533062898382 -0.762137610987416 -0.77799317279698
9 "SITTING" -0.54822165976717 -0.591225327146546 -0.54822165976717 -0.591225327146546 -0.649417950650692 -0.627762945785391 -0.60524856977632 -0.662533062898382 -0.762137610987416 -0.77799317279698
11 "SITTING" -0.54822165976717 -0.591225327146546 -0.54822165976717 -0.591225327146546 -0.649417950650692 -0.627762945785391 -0.60524856977632 -0.662533062898382 -0.762137610987416 -0.77799317279698
5 "SITTING" -0.54822165976717 -0.591225327146546 -0.54822165976717 -0.591225327146546 -0.649417950650692 -0.627762945785391 -0.60524856977632 -0.662533062898382 -0.762137610987416 -0.77799317279698
27 "SITTING" -0.54822165976717 -0.591225327146546 -0.54822165976717 -0.591225327146546 -0.649417950650692 -0.627762945785391 -0.60524856977632 -0.662533062898382 -0.762137610987416 -0.77799317279698
13 "SITTING" -0.54822165976717 -0.591225327146546 -0.54822165976717 -0.591225327146546 -0.649417950650692 -0.627762945785391 -0.60524856977632 -0.662533062898382 -0.762137610987416 -0.77799317279698
19 "SITTING" -0.54822165976717 -0.591225327146546 -0.54822165976717 -0.591225327146546 -0.649417950650692 -0.627762945785391 -0.60524856977632 -0.662533062898382 -0.762137610987416 -0.77799317279698
20 "SITTING" -0.54822165976717 -0.591225327146546 -0.54822165976717 -0.591225327146546 -0.649417950650692 -0.627762945785391 -0.60524856977632 -0.662533062898382 -0.762137610987416 -0.77799317279698
26 "SITTING" -0.54822165976717 -0.591225327146546 -0.54822165976717 -0.591225327146546 -0.649417950650692 -0.627762945785391 -0.60524856977632 -0.662533062898382 -0.762137610987416 -0.77799317279698
14 "SITTING" -0.54822165976717 -0.591225327146546 -0.54822165976717 -0.591225327146546 -0.649417950650692 -0.627762945785391 -0.60524856977632 -0.662533062898382 -0.762137610987416 -0.77799317279698
24 "SITTING" -0.54822165976717 -0.591225327146546 -0.54822165976717 -0.591225327146546 -0.649417950650692 -0.627762945785391 -0.60524856977632 -0.662533062898382 -0.762137610987416 -0.77799317279698
2 "SITTING" -0.54822165976717 -0.591225327146546 -0.54822165976717 -0.591225327146546 -0.649417950650692 -0.627762945785391 -0.60524856977632 -0.662533062898382 -0.762137610987416 -0.77799317279698
22 "SITTING" -0.54822165976717 -0.591225327146546 -0.54822165976717 -0.591225327146546 -0.649417950650692 -0.627762945785391 -0.60524856977632 -0.662533062898382 -0.762137610987416 -0.77799317279698
8 "SITTING" -0.54822165976717 -0.591225327146546 -0.54822165976717 -0.591225327146546 -0.649417950650692 -0.627762945785391 -0.60524856977632 -0.662533062898382 -0.762137610987416 -0.77799317279698
1 "SITTING" -0.54822165976717 -0.591225327146546 -0.54822165976717 -0.591225327146546 -0.649417950650692 -0.627762945785391 -0.60524856977632 -0.662533062898382 -0.762137610987416 -0.77799317279698
23 "SITTING" -0.54822165976717 -0.591225327146546 -0.54822165976717 -0.591225327146546 -0.649417950650692 -0.627762945785391 -0.60524856977632 -0.662533062898382 -0.762137610987416 -0.77799317279698
18 "SITTING" -0.54822165976717 -0.591225327146546 -0.54822165976717 -0.591225327146546 -0.649417950650692 -0.627762945785391 -0.60524856977632 -0.662533062898382 -0.762137610987416 -0.77799317279698
16 "SITTING" -0.54822165976717 -0.591225327146546 -0.54822165976717 -0.591225327146546 -0.649417950650692 -0.627762945785391 -0.60524856977632 -0.662533062898382 -0.762137610987416 -0.77799317279698
17 "SITTING" -0.54822165976717 -0.591225327146546 -0.54822165976717 -0.591225327146546 -0.649417950650692 -0.627762945785391 -0.60524856977632 -0.662533062898382 -0.762137610987416 -0.77799317279698
15 "SITTING" -0.54822165976717 -0.591225327146546 -0.54822165976717 -0.591225327146546 -0.649417950650692 -0.627762945785391 -0.60524856977632 -0.662533062898382 -0.762137610987416 -0.77799317279698
2 "STANDING" -0.54822165976717 -0.591225327146546 -0.54822165976717 -0.591225327146546 -0.649417950650692 -0.627762945785391 -0.60524856977632 -0.662533062898382 -0.762137610987416 -0.77799317279698
3 "STANDING" -0.54822165976717 -0.591225327146546 -0.54822165976717 -0.591225327146546 -0.649417950650692 -0.627762945785391 -0.60524856977632 -0.662533062898382 -0.762137610987416 -0.77799317279698
20 "STANDING" -0.54822165976717 -0.591225327146546 -0.54822165976717 -0.591225327146546 -0.649417950650692 -0.627762945785391 -0.60524856977632 -0.662533062898382 -0.762137610987416 -0.77799317279698
7 "STANDING" -0.54822165976717 -0.591225327146546 -0.54822165976717 -0.591225327146546 -0.649417950650692 -0.627762945785391 -0.60524856977632 -0.662533062898382 -0.762137610987416 -0.77799317279698
27 "STANDING" -0.54822165976717 -0.591225327146546 -0.54822165976717 -0.591225327146546 -0.649417950650692 -0.627762945785391 -0.60524856977632 -0.662533062898382 -0.762137610987416 -0.77799317279698
30 "STANDING" -0.54822165976717 -0.591225327146546 -0.54822165976717 -0.591225327146546 -0.649417950650692 -0.627762945785391 -0.60524856977632 -0.662533062898382 -0.762137610987416 -0.77799317279698
4 "STANDING" -0.54822165976717 -0.591225327146546 -0.54822165976717 -0.591225327146546 -0.649417950650692 -0.627762945785391 -0.60524856977632 -0.662533062898382 -0.762137610987416 -0.77799317279698
12 "STANDING" -0.54822165976717 -0.591225327146546 -0.54822165976717 -0.591225327146546 -0.649417950650692 -0.627762945785391 -0.60524856977632 -0.662533062898382 -0.762137610987416 -0.77799317279698
5 "STANDING" -0.54822165976717 -0.591225327146546 -0.54822165976717 -0.591225327146546 -0.649417950650692 -0.627762945785391 -0.60524856977632 -0.662533062898382 -0.762137610987416 -0.77799317279698
19 "STANDING" -0.54822165976717 -0.591225327146546 -0.54822165976717 -0.591225327146546 -0.649417950650692 -0.627762945785391 -0.60524856977632 -0.662533062898382 -0.762137610987416 -0.77799317279698
21 "STANDING" -0.54822165976717 -0.591225327146546 -0.54822165976717 -0.591225327146546 -0.649417950650692 -0.627762945785391 -0.60524856977632 -0.662533062898382 -0.762137610987416 -0.77799317279698
13 "STANDING" -0.54822165976717 -0.591225327146546 -0.54822165976717 -0.591225327146546 -0.649417950650692 -0.627762945785391 -0.60524856977632 -0.662533062898382 -0.762137610987416 -0.77799317279698
10 "STANDING" -0.54822165976717 -0.591225327146546 -0.54822165976717 -0.591225327146546 -0.649417950650692 -0.627762945785391 -0.60524856977632 -0.662533062898382 -0.762137610987416 -0.77799317279698
8 "STANDING" -0.54822165976717 -0.591225327146546 -0.54822165976717 -0.591225327146546 -0.649417950650692 -0.627762945785391 -0.60524856977632 -0.662533062898382 -0.762137610987416 -0.77799317279698
11 "STANDING" -0.54822165976717 -0.591225327146546 -0.54822165976717 -0.591225327146546 -0.649417950650692 -0.627762945785391 -0.60524856977632 -0.662533062898382 -0.762137610987416 -0.77799317279698
9 "STANDING" -0.54822165976717 -0.591225327146546 -0.54822165976717 -0.591225327146546 -0.649417950650692 -0.627762945785391 -0.60524856977632 -0.662533062898382 -0.762137610987416 -0.77799317279698
24 "STANDING" -0.54822165976717 -0.591225327146546 -0.54822165976717 -0.591225327146546 -0.649417950650692 -0.627762945785391 -0.60524856977632 -0.662533062898382 -0.762137610987416 -0.77799317279698
22 "STANDING" -0.54822165976717 -0.591225327146546 -0.54822165976717 -0.591225327146546 -0.649417950650692 -0.627762945785391 -0.60524856977632 -0.662533062898382 -0.762137610987416 -0.77799317279698
18 "STANDING" -0.54822165976717 -0.591225327146546 -0.54822165976717 -0.591225327146546 -0.649417950650692 -0.627762945785391 -0.60524856977632 -0.662533062898382 -0.762137610987416 -0.77799317279698
28 "STANDING" -0.54822165976717 -0.591225327146546 -0.54822165976717 -0.591225327146546 -0.649417950650692 -0.627762945785391 -0.60524856977632 -0.662533062898382 -0.762137610987416 -0.77799317279698
6 "STANDING" -0.54822165976717 -0.591225327146546 -0.54822165976717 -0.591225327146546 -0.649417950650692 -0.627762945785391 -0.60524856977632 -0.662533062898382 -0.762137610987416 -0.77799317279698
17 "STANDING" -0.54822165976717 -0.591225327146546 -0.54822165976717 -0.591225327146546 -0.649417950650692 -0.627762945785391 -0.60524856977632 -0.662533062898382 -0.762137610987416 -0.77799317279698
16 "STANDING" -0.54822165976717 -0.591225327146546 -0.54822165976717 -0.591225327146546 -0.649417950650692 -0.627762945785391 -0.60524856977632 -0.662533062898382 -0.762137610987416 -0.77799317279698
14 "STANDING" -0.54822165976717 -0.591225327146546 -0.54822165976717 -0.591225327146546 -0.649417950650692 -0.627762945785391 -0.60524856977632 -0.662533062898382 -0.762137610987416 -0.77799317279698
23 "STANDING" -0.54822165976717 -0.591225327146546 -0.54822165976717 -0.591225327146546 -0.649417950650692 -0.627762945785391 -0.60524856977632 -0.662533062898382 -0.762137610987416 -0.77799317279698
15 "STANDING" -0.54822165976717 -0.591225327146546 -0.54822165976717 -0.591225327146546 -0.649417950650692 -0.627762945785391 -0.60524856977632 -0.662533062898382 -0.762137610987416 -0.77799317279698
29 "STANDING" -0.54822165976717 -0.591225327146546 -0.54822165976717 -0.591225327146546 -0.649417950650692 -0.627762945785391 -0.60524856977632 -0.662533062898382 -0.762137610987416 -0.77799317279698
26 "STANDING" -0.54822165976717 -0.591225327146546 -0.54822165976717 -0.591225327146546 -0.649417950650692 -0.627762945785391 -0.60524856977632 -0.662533062898382 -0.762137610987416 -0.77799317279698
25 "STANDING" -0.54822165976717 -0.591225327146546 -0.54822165976717 -0.591225327146546 -0.649417950650692 -0.627762945785391 -0.60524856977632 -0.662533062898382 -0.762137610987416 -0.77799317279698
1 "STANDING" -0.54822165976717 -0.591225327146546 -0.54822165976717 -0.591225327146546 -0.649417950650692 -0.627762945785391 -0.60524856977632 -0.662533062898382 -0.762137610987416 -0.77799317279698
30 "LAYING" -0.54822165976717 -0.591225327146546 -0.54822165976717 -0.591225327146546 -0.649417950650692 -0.627762945785391 -0.60524856977632 -0.662533062898382 -0.762137610987416 -0.77799317279698
27 "LAYING" -0.54822165976717 -0.591225327146546 -0.54822165976717 -0.591225327146546 -0.649417950650692 -0.627762945785391 -0.60524856977632 -0.662533062898382 -0.762137610987416 -0.77799317279698
14 "LAYING" -0.54822165976717 -0.591225327146546 -0.54822165976717 -0.591225327146546 -0.649417950650692 -0.627762945785391 -0.60524856977632 -0.662533062898382 -0.762137610987416 -0.77799317279698
28 "LAYING" -0.54822165976717 -0.591225327146546 -0.54822165976717 -0.591225327146546 -0.649417950650692 -0.627762945785391 -0.60524856977632 -0.662533062898382 -0.762137610987416 -0.77799317279698
6 "LAYING" -0.54822165976717 -0.591225327146546 -0.54822165976717 -0.591225327146546 -0.649417950650692 -0.627762945785391 -0.60524856977632 -0.662533062898382 -0.762137610987416 -0.77799317279698
13 "LAYING" -0.54822165976717 -0.591225327146546 -0.54822165976717 -0.591225327146546 -0.649417950650692 -0.627762945785391 -0.60524856977632 -0.662533062898382 -0.762137610987416 -0.77799317279698
26 "LAYING" -0.54822165976717 -0.591225327146546 -0.54822165976717 -0.591225327146546 -0.649417950650692 -0.627762945785391 -0.60524856977632 -0.662533062898382 -0.762137610987416 -0.77799317279698
29 "LAYING" -0.54822165976717 -0.591225327146546 -0.54822165976717 -0.591225327146546 -0.649417950650692 -0.627762945785391 -0.60524856977632 -0.662533062898382 -0.762137610987416 -0.77799317279698
20 "LAYING" -0.54822165976717 -0.591225327146546 -0.54822165976717 -0.591225327146546 -0.649417950650692 -0.627762945785391 -0.60524856977632 -0.662533062898382 -0.762137610987416 -0.77799317279698
12 "LAYING" -0.54822165976717 -0.591225327146546 -0.54822165976717 -0.591225327146546 -0.649417950650692 -0.627762945785391 -0.60524856977632 -0.662533062898382 -0.762137610987416 -0.77799317279698
11 "LAYING" -0.54822165976717 -0.591225327146546 -0.54822165976717 -0.591225327146546 -0.649417950650692 -0.627762945785391 -0.60524856977632 -0.662533062898382 -0.762137610987416 -0.77799317279698
3 "LAYING" -0.54822165976717 -0.591225327146546 -0.54822165976717 -0.591225327146546 -0.649417950650692 -0.627762945785391 -0.60524856977632 -0.662533062898382 -0.762137610987416 -0.77799317279698
7 "LAYING" -0.54822165976717 -0.591225327146546 -0.54822165976717 -0.591225327146546 -0.649417950650692 -0.627762945785391 -0.60524856977632 -0.662533062898382 -0.762137610987416 -0.77799317279698
10 "LAYING" -0.54822165976717 -0.591225327146546 -0.54822165976717 -0.591225327146546 -0.649417950650692 -0.627762945785391 -0.60524856977632 -0.662533062898382 -0.762137610987416 -0.77799317279698
8 "LAYING" -0.54822165976717 -0.591225327146546 -0.54822165976717 -0.591225327146546 -0.649417950650692 -0.627762945785391 -0.60524856977632 -0.662533062898382 -0.762137610987416 -0.77799317279698
21 "LAYING" -0.54822165976717 -0.591225327146546 -0.54822165976717 -0.591225327146546 -0.649417950650692 -0.627762945785391 -0.60524856977632 -0.662533062898382 -0.762137610987416 -0.77799317279698
4 "LAYING" -0.54822165976717 -0.591225327146546 -0.54822165976717 -0.591225327146546 -0.649417950650692 -0.627762945785391 -0.60524856977632 -0.662533062898382 -0.762137610987416 -0.77799317279698
18 "LAYING" -0.54822165976717 -0.591225327146546 -0.54822165976717 -0.591225327146546 -0.649417950650692 -0.627762945785391 -0.60524856977632 -0.662533062898382 -0.762137610987416 -0.77799317279698
5 "LAYING" -0.54822165976717 -0.591225327146546 -0.54822165976717 -0.591225327146546 -0.649417950650692 -0.627762945785391 -0.60524856977632 -0.662533062898382 -0.762137610987416 -0.77799317279698
22 "LAYING" -0.54822165976717 -0.591225327146546 -0.54822165976717 -0.591225327146546 -0.649417950650692 -0.627762945785391 -0.60524856977632 -0.662533062898382 -0.762137610987416 -0.77799317279698
9 "LAYING" -0.54822165976717 -0.591225327146546 -0.54822165976717 -0.591225327146546 -0.649417950650692 -0.627762945785391 -0.60524856977632 -0.662533062898382 -0.762137610987416 -0.77799317279698
25 "LAYING" -0.54822165976717 -0.591225327146546 -0.54822165976717 -0.591225327146546 -0.649417950650692 -0.627762945785391 -0.60524856977632 -0.662533062898382 -0.762137610987416 -0.77799317279698
19 "LAYING" -0.54822165976717 -0.591225327146546 -0.54822165976717 -0.591225327146546 -0.649417950650692 -0.627762945785391 -0.60524856977632 -0.662533062898382 -0.762137610987416 -0.77799317279698
23 "LAYING" -0.54822165976717 -0.591225327146546 -0.54822165976717 -0.591225327146546 -0.649417950650692 -0.627762945785391 -0.60524856977632 -0.662533062898382 -0.762137610987416 -0.77799317279698
24 "LAYING" -0.54822165976717 -0.591225327146546 -0.54822165976717 -0.591225327146546 -0.649417950650692 -0.627762945785391 -0.60524856977632 -0.662533062898382 -0.762137610987416 -0.77799317279698
16 "LAYING" -0.54822165976717 -0.591225327146546 -0.54822165976717 -0.591225327146546 -0.649417950650692 -0.627762945785391 -0.60524856977632 -0.662533062898382 -0.762137610987416 -0.77799317279698
1 "LAYING" -0.54822165976717 -0.591225327146546 -0.54822165976717 -0.591225327146546 -0.649417950650692 -0.627762945785391 -0.60524856977632 -0.662533062898382 -0.762137610987416 -0.77799317279698
15 "LAYING" -0.54822165976717 -0.591225327146546 -0.54822165976717 -0.591225327146546 -0.649417950650692 -0.627762945785391 -0.60524856977632 -0.662533062898382 -0.762137610987416 -0.77799317279698
2 "LAYING" -0.54822165976717 -0.591225327146546 -0.54822165976717 -0.591225327146546 -0.649417950650692 -0.627762945785391 -0.60524856977632 -0.662533062898382 -0.762137610987416 -0.77799317279698
17 "LAYING" -0.54822165976717 -0.591225327146546 -0.54822165976717 -0.591225327146546 -0.649417950650692 -0.627762945785391 -0.60524856977632 -0.662533062898382 -0.762137610987416 -0.77799317279698
