"subject" "activity" "mean_fast_fourier_transform_bodyaccmag_minus_mean" "mean_fast_fourier_transform_bodyaccmag_minus_std" "mean_fast_fourier_transform_bodyaccmag_minus_mean_freq" "mean_fast_fourier_transform_bodybodyaccjerkmag_minus_mean" "mean_fast_fourier_transform_bodybodyaccjerkmag_minus_std" "mean_fast_fourier_transform_bodybodyaccjerkmag_minus_mean_freq" "mean_fast_fourier_transform_bodybodygyromag_minus_mean" "mean_fast_fourier_transform_bodybodygyromag_minus_std" "mean_fast_fourier_transform_bodybodygyromag_minus_mean_freq" "mean_fast_fourier_transform_bodybodygyrojerkmag_minus_mean" "mean_fast_fourier_transform_bodybodygyrojerkmag_minus_std" "mean_fast_fourier_transform_bodybodygyrojerkmag_minus_mean_freq"
7 "WALKING" -0.585962696268539 -0.659531216655476 0.0768760112631957 -0.620789916331592 -0.640076803144351 0.173219742700723 -0.697411069729937 -0.699976372277643 -0.0415636227771787 -0.779767633083527 -0.792190209274884 0.126707820497791
21 "WALKING" -0.585962696268539 -0.659531216655476 0.0768760112631957 -0.620789916331592 -0.640076803144351 0.173219742700723 -0.697411069729937 -0.699976372277643 -0.0415636227771787 -0.779767633083527 -0.792190209274884 0.126707820497791
18 "WALKING" -0.585962696268539 -0.659531216655476 0.0768760112631957 -0.620789916331592 -0.640076803144351 0.173219742700723 -0.697411069729937 -0.699976372277643 -0.0415636227771787 -0.779767633083527 -0.792190209274884 0.126707820497791
11 "WALKING" -0.585962696268539 -0.659531216655476 0.0768760112631957 -0.620789916331592 -0.640076803144351 0.173219742700723 -0.697411069729937 -0.699976372277643 -0.0415636227771787 -0.779767633083527 -0.792190209274884 0.126707820497791
20 "WALKING" -0.585962696268539 -0.659531216655476 0.0768760112631957 -0.620789916331592 -0.640076803144351 0.173219742700723 -0.697411069729937 -0.699976372277643 -0.0415636227771787 -0.779767633083527 -0.792190209274884 0.126707820497791
22 "WALKING" -0.585962696268539 -0.659531216655476 0.0768760112631957 -0.620789916331592 -0.640076803144351 0.173219742700723 -0.697411069729937 -0.699976372277643 -0.0415636227771787 -0.779767633083527 -0.792190209274884 0.126707820497791
26 "WALKING" -0.585962696268539 -0.659531216655476 0.0768760112631957 -0.620789916331592 -0.640076803144351 0.173219742700723 -0.697411069729937 -0.699976372277643 -0.0415636227771787 -0.779767633083527 -0.792190209274884 0.126707820497791
6 "WALKING" -0.585962696268539 -0.659531216655476 0.0768760112631957 -0.620789916331592 -0.640076803144351 0.173219742700723 -0.697411069729937 -0.699976372277643 -0.0415636227771787 -0.779767633083527 -0.792190209274884 0.126707820497791
19 "WALKING" -0.585962696268539 -0.659531216655476 0.0768760112631957 -0.620789916331592 -0.640076803144351 0.173219742700723 -0.697411069729937 -0.699976372277643 -0.0415636227771787 -0.779767633083527 -0.792190209274884 0.126707820497791
14 "WALKING" -0.585962696268539 -0.659531216655476 0.0768760112631957 -0.620789916331592 -0.640076803144351 0.173219742700723 -0.697411069729937 -0.699976372277643 -0.0415636227771787 -0.779767633083527 -0.792190209274884 0.126707820497791
29 "WALKING" -0.585962696268539 -0.659531216655476 0.0768760112631957 -0.620789916331592 -0.640076803144351 0.173219742700723 -0.697411069729937 -0.699976372277643 -0.0415636227771787 -0.779767633083527 -0.792190209274884 0.126707820497791
27 "WALKING" -0.585962696268539 -0.659531216655476 0.0768760112631957 -0.620789916331592 -0.640076803144351 0.173219742700723 -0.697411069729937 -0.699976372277643 -0.0415636227771787 -0.779767633083527 -0.792190209274884 0.126707820497791
4 "WALKING" -0.585962696268539 -0.659531216655476 0.0768760112631957 -0.620789916331592 -0.640076803144351 0.173219742700723 -0.697411069729937 -0.699976372277643 -0.0415636227771787 -0.779767633083527 -0.792190209274884 0.126707820497791
3 "WALKING" -0.585962696268539 -0.659531216655476 0.0768760112631957 -0.620789916331592 -0.640076803144351 0.173219742700723 -0.697411069729937 -0.699976372277643 -0.0415636227771787 -0.779767633083527 -0.792190209274884 0.126707820497791
30 "WALKING" -0.585962696268539 -0.659531216655476 0.0768760112631957 -0.620789916331592 -0.640076803144351 0.173219742700723 -0.697411069729937 -0.699976372277643 -0.0415636227771787 -0.779767633083527 -0.792190209274884 0.126707820497791
13 "WALKING" -0.585962696268539 -0.659531216655476 0.0768760112631957 -0.620789916331592 -0.640076803144351 0.173219742700723 -0.697411069729937 -0.699976372277643 -0.0415636227771787 -0.779767633083527 -0.792190209274884 0.126707820497791
9 "WALKING" -0.585962696268539 -0.659531216655476 0.0768760112631957 -0.620789916331592 -0.640076803144351 0.173219742700723 -0.697411069729937 -0.699976372277643 -0.0415636227771787 -0.779767633083527 -0.792190209274884 0.126707820497791
12 "WALKING" -0.585962696268539 -0.659531216655476 0.0768760112631957 -0.620789916331592 -0.640076803144351 0.173219742700723 -0.697411069729937 -0.699976372277643 -0.0415636227771787 -0.779767633083527 -0.792190209274884 0.126707820497791
1 "WALKING" -0.585962696268539 -0.659531216655476 0.0768760112631957 -0.620789916331592 -0.640076803144351 0.173219742700723 -0.697411069729937 -0.699976372277643 -0.0415636227771787 -0.779767633083527 -0.792190209274884 0.126707820497791
8 "WALKING" -0.585962696268539 -0.659531216655476 0.0768760112631957 -0.620789916331592 -0.640076803144351 0.173219742700723 -0.697411069729937 -0.699976372277643 -0.0415636227771787 -0.779767633083527 -0.792190209274884 0.126707820497791
23 "WALKING" -0.585962696268539 -0.659531216655476 0.0768760112631957 -0.620789916331592 -0.640076803144351 0.173219742700723 -0.697411069729937 -0.699976372277643 -0.0415636227771787 -0.779767633083527 -0.792190209274884 0.126707820497791
25 "WALKING" -0.585962696268539 -0.659531216655476 0.0768760112631957 -0.620789916331592 -0.640076803144351 0.173219742700723 -0.697411069729937 -0.699976372277643 -0.0415636227771787 -0.779767633083527 -0.792190209274884 0.126707820497791
5 "WALKING" -0.585962696268539 -0.659531216655476 0.0768760112631957 -0.620789916331592 -0.640076803144351 0.173219742700723 -0.697411069729937 -0.699976372277643 -0.0415636227771787 -0.779767633083527 -0.792190209274884 0.126707820497791
28 "WALKING" -0.585962696268539 -0.659531216655476 0.0768760112631957 -0.620789916331592 -0.640076803144351 0.173219742700723 -0.697411069729937 -0.699976372277643 -0.0415636227771787 -0.779767633083527 -0.792190209274884 0.126707820497791
10 "WALKING" -0.585962696268539 -0.659531216655476 0.0768760112631957 -0.620789916331592 -0.640076803144351 0.173219742700723 -0.697411069729937 -0.699976372277643 -0.0415636227771787 -0.779767633083527 -0.792190209274884 0.126707820497791
24 "WALKING" -0.585962696268539 -0.659531216655476 0.0768760112631957 -0.620789916331592 -0.640076803144351 0.173219742700723 -0.697411069729937 -0.699976372277643 -0.0415636227771787 -0.779767633083527 -0.792190209274884 0.126707820497791
15 "WALKING" -0.585962696268539 -0.659531216655476 0.0768760112631957 -0.620789916331592 -0.640076803144351 0.173219742700723 -0.697411069729937 -0.699976372277643 -0.0415636227771787 -0.779767633083527 -0.792190209274884 0.126707820497791
16 "WALKING" -0.585962696268539 -0.659531216655476 0.0768760112631957 -0.620789916331592 -0.640076803144351 0.173219742700723 -0.697411069729937 -0.699976372277643 -0.0415636227771787 -0.779767633083527 -0.792190209274884 0.126707820497791
2 "WALKING" -0.585962696268539 -0.659531216655476 0.0768760112631957 -0.620789916331592 -0.640076803144351 0.173219742700723 -0.697411069729937 -0.699976372277643 -0.0415636227771787 -0.779767633083527 -0.792190209274884 0.126707820497791
17 "WALKING" -0.585962696268539 -0.659531216655476 0.0768760112631957 -0.620789916331592 -0.640076803144351 0.173219742700723 -0.697411069729937 -0.699976372277643 -0.0415636227771787 -0.779767633083527 -0.792190209274884 0.126707820497791
3 "WALKING_UPSTAIRS" -0.585962696268539 -0.659531216655476 0.0768760112631957 -0.620789916331592 -0.640076803144351 0.173219742700723 -0.697411069729937 -0.699976372277643 -0.0415636227771787 -0.779767633083527 -0.792190209274884 0.126707820497791
1 "WALKING_UPSTAIRS" -0.585962696268539 -0.659531216655476 0.0768760112631957 -0.620789916331592 -0.640076803144351 0.173219742700723 -0.697411069729937 -0.699976372277643 -0.0415636227771787 -0.779767633083527 -0.792190209274884 0.126707820497791
21 "WALKING_UPSTAIRS" -0.585962696268539 -0.659531216655476 0.0768760112631957 -0.620789916331592 -0.640076803144351 0.173219742700723 -0.697411069729937 -0.699976372277643 -0.0415636227771787 -0.779767633083527 -0.792190209274884 0.126707820497791
23 "WALKING_UPSTAIRS" -0.585962696268539 -0.659531216655476 0.0768760112631957 -0.620789916331592 -0.640076803144351 0.173219742700723 -0.697411069729937 -0.699976372277643 -0.0415636227771787 -0.779767633083527 -0.792190209274884 0.126707820497791
13 "WALKING_UPSTAIRS" -0.585962696268539 -0.659531216655476 0.0768760112631957 -0.620789916331592 -0.640076803144351 0.173219742700723 -0.697411069729937 -0.699976372277643 -0.0415636227771787 -0.779767633083527 -0.792190209274884 0.126707820497791
20 "WALKING_UPSTAIRS" -0.585962696268539 -0.659531216655476 0.0768760112631957 -0.620789916331592 -0.640076803144351 0.173219742700723 -0.697411069729937 -0.699976372277643 -0.0415636227771787 -0.779767633083527 -0.792190209274884 0.126707820497791
22 "WALKING_UPSTAIRS" -0.585962696268539 -0.659531216655476 0.0768760112631957 -0.620789916331592 -0.640076803144351 0.173219742700723 -0.697411069729937 -0.699976372277643 -0.0415636227771787 -0.779767633083527 -0.792190209274884 0.126707820497791
4 "WALKING_UPSTAIRS" -0.585962696268539 -0.659531216655476 0.0768760112631957 -0.620789916331592 -0.640076803144351 0.173219742700723 -0.697411069729937 -0.699976372277643 -0.0415636227771787 -0.779767633083527 -0.792190209274884 0.126707820497791
12 "WALKING_UPSTAIRS" -0.585962696268539 -0.659531216655476 0.0768760112631957 -0.620789916331592 -0.640076803144351 0.173219742700723 -0.697411069729937 -0.699976372277643 -0.0415636227771787 -0.779767633083527 -0.792190209274884 0.126707820497791
9 "WALKING_UPSTAIRS" -0.585962696268539 -0.659531216655476 0.0768760112631957 -0.620789916331592 -0.640076803144351 0.173219742700723 -0.697411069729937 -0.699976372277643 -0.0415636227771787 -0.779767633083527 -0.792190209274884 0.126707820497791
7 "WALKING_UPSTAIRS" -0.585962696268539 -0.659531216655476 0.0768760112631957 -0.620789916331592 -0.640076803144351 0.173219742700723 -0.697411069729937 -0.699976372277643 -0.0415636227771787 -0.779767633083527 -0.792190209274884 0.126707820497791
11 "WALKING_UPSTAIRS" -0.585962696268539 -0.659531216655476 0.0768760112631957 -0.620789916331592 -0.640076803144351 0.173219742700723 -0.697411069729937 -0.699976372277643 -0.0415636227771787 -0.779767633083527 -0.792190209274884 0.126707820497791
2 "WALKING_UPSTAIRS" -0.585962696268539 -0.659531216655476 0.0768760112631957 -0.620789916331592 -0.640076803144351 0.173219742700723 -0.697411069729937 -0.699976372277643 -0.0415636227771787 -0.779767633083527 -0.792190209274884 0.126707820497791
6 "WALKING_UPSTAIRS" -0.585962696268539 -0.659531216655476 0.0768760112631957 -0.620789916331592 -0.640076803144351 0.173219742700723 -0.697411069729937 -0.699976372277643 -0.0415636227771787 -0.779767633083527 -0.792190209274884 0.126707820497791
25 "WALKING_UPSTAIRS" -0.585962696268539 -0.659531216655476 0.0768760112631957 -0.620789916331592 -0.640076803144351 0.173219742700723 -0.697411069729937 -0.699976372277643 -0.0415636227771787 -0.779767633083527 -0.792190209274884 0.126707820497791
5 "WALKING_UPSTAIRS" -0.585962696268539 -0.659531216655476 0.0768760112631957 -0.620789916331592 -0.640076803144351 0.173219742700723 -0.697411069729937 -0.699976372277643 -0.0415636227771787 -0.779767633083527 -0.792190209274884 0.126707820497791
18 "WALKING_UPSTAIRS" -0.585962696268539 -0.659531216655476 0.0768760112631957 -0.620789916331592 -0.640076803144351 0.173219742700723 -0.697411069729937 -0.699976372277643 -0.0415636227771787 -0.779767633083527 -0.792190209274884 0.126707820497791
15 "WALKING_UPSTAIRS" -0.585962696268539 -0.659531216655476 0.0768760112631957 -0.620789916331592 -0.640076803144351 0.173219742700723 -0.697411069729937 -0.699976372277643 -0.0415636227771787 -0.779767633083527 -0.792190209274884 0.126707820497791
26 "WALKING_UPSTAIRS" -0.585962696268539 -0.659531216655476 0.0768760112631957 -0.620789916331592 -0.640076803144351 0.173219742700723 -0.697411069729937 -0.699976372277643 -0.0415636227771787 -0.779767633083527 -0.792190209274884 0.126707820497791
8 "WALKING_UPSTAIRS" -0.585962696268539 -0.659531216655476 0.0768760112631957 -0.620789916331592 -0.640076803144351 0.173219742700723 -0.697411069729937 -0.699976372277643 -0.0415636227771787 -0.779767633083527 -0.792190209274884 0.126707820497791
27 "WALKING_UPSTAIRS" -0.585962696268539 -0.659531216655476 0.0768760112631957 -0.620789916331592 -0.640076803144351 0.173219742700723 -0.697411069729937 -0.699976372277643 -0.0415636227771787 -0.779767633083527 -0.792190209274884 0.126707820497791
14 "WALKING_UPSTAIRS" -0.585962696268539 -0.659531216655476 0.0768760112631957 -0.620789916331592 -0.640076803144351 0.173219742700723 -0.697411069729937 -0.699976372277643 -0.0415636227771787 -0.779767633083527 -0.792190209274884 0.126707820497791
16 "WALKING_UPSTAIRS" -0.585962696268539 -0.659531216655476 0.0768760112631957 -0.620789916331592 -0.640076803144351 0.173219742700723 -0.697411069729937 -0.699976372277643 -0.0415636227771787 -0.779767633083527 -0.792190209274884 0.126707820497791
28 "WALKING_UPSTAIRS" -0.585962696268539 -0.659531216655476 0.0768760112631957 -0.620789916331592 -0.640076803144351 0.173219742700723 -0.697411069729937 -0.699976372277643 -0.0415636227771787 -0.779767633083527 -0.792190209274884 0.126707820497791
24 "WALKING_UPSTAIRS" -0.585962696268539 -0.659531216655476 0.0768760112631957 -0.620789916331592 -0.640076803144351 0.173219742700723 -0.697411069729937 -0.699976372277643 -0.0415636227771787 -0.779767633083527 -0.792190209274884 0.126707820497791
17 "WALKING_UPSTAIRS" -0.585962696268539 -0.659531216655476 0.0768760112631957 -0.620789916331592 -0.640076803144351 0.173219742700723 -0.697411069729937 -0.699976372277643 -0.0415636227771787 -0.779767633083527 -0.792190209274884 0.126707820497791
29 "WALKING_UPSTAIRS" -0.585962696268539 -0.659531216655476 0.0768760112631957 -0.620789916331592 -0.640076803144351 0.173219742700723 -0.697411069729937 -0.699976372277643 -0.0415636227771787 -0.779767633083527 -0.792190209274884 0.126707820497791
10 "WALKING_UPSTAIRS" -0.585962696268539 -0.659531216655476 0.0768760112631957 -0.620789916331592 -0.640076803144351 0.173219742700723 -0.697411069729937 -0.699976372277643 -0.0415636227771787 -0.779767633083527 -0.792190209274884 0.126707820497791
19 "WALKING_UPSTAIRS" -0.585962696268539 -0.659531216655476 0.0768760112631957 -0.620789916331592 -0.640076803144351 0.173219742700723 -0.697411069729937 -0.699976372277643 -0.0415636227771787 -0.779767633083527 -0.792190209274884 0.126707820497791
30 "WALKING_UPSTAIRS" -0.585962696268539 -0.659531216655476 0.0768760112631957 -0.620789916331592 -0.640076803144351 0.173219742700723 -0.697411069729937 -0.699976372277643 -0.0415636227771787 -0.779767633083527 -0.792190209274884 0.126707820497791
3 "WALKING_DOWNSTAIRS" -0.585962696268539 -0.659531216655476 0.0768760112631957 -0.620789916331592 -0.640076803144351 0.173219742700723 -0.697411069729937 -0.699976372277643 -0.0415636227771787 -0.779767633083527 -0.792190209274884 0.126707820497791
13 "WALKING_DOWNSTAIRS" -0.585962696268539 -0.659531216655476 0.0768760112631957 -0.620789916331592 -0.640076803144351 0.173219742700723 -0.697411069729937 -0.699976372277643 -0.0415636227771787 -0.779767633083527 -0.792190209274884 0.126707820497791
7 "WALKING_DOWNSTAIRS" -0.585962696268539 -0.659531216655476 0.0768760112631957 -0.620789916331592 -0.640076803144351 0.173219742700723 -0.697411069729937 -0.699976372277643 -0.0415636227771787 -0.779767633083527 -0.792190209274884 0.126707820497791
14 "WALKING_DOWNSTAIRS" -0.585962696268539 -0.659531216655476 0.0768760112631957 -0.620789916331592 -0.640076803144351 0.173219742700723 -0.697411069729937 -0.699976372277643 -0.0415636227771787 -0.779767633083527 -0.792190209274884 0.126707820497791
20 "WALKING_DOWNSTAIRS" -0.585962696268539 -0.659531216655476 0.0768760112631957 -0.620789916331592 -0.640076803144351 0.173219742700723 -0.697411069729937 -0.699976372277643 -0.0415636227771787 -0.779767633083527 -0.792190209274884 0.126707820497791
18 "WALKING_DOWNSTAIRS" -0.585962696268539 -0.659531216655476 0.0768760112631957 -0.620789916331592 -0.640076803144351 0.173219742700723 -0.697411069729937 -0.699976372277643 -0.0415636227771787 -0.779767633083527 -0.792190209274884 0.126707820497791
9 "WALKING_DOWNSTAIRS" -0.585962696268539 -0.659531216655476 0.0768760112631957 -0.620789916331592 -0.640076803144351 0.173219742700723 -0.697411069729937 -0.699976372277643 -0.0415636227771787 -0.779767633083527 -0.792190209274884 0.126707820497791
11 "WALKING_DOWNSTAIRS" -0.585962696268539 -0.659531216655476 0.0768760112631957 -0.620789916331592 -0.640076803144351 0.173219742700723 -0.697411069729937 -0.699976372277643 -0.0415636227771787 -0.779767633083527 -0.792190209274884 0.126707820497791
24 "WALKING_DOWNSTAIRS" -0.585962696268539 -0.659531216655476 0.0768760112631957 -0.620789916331592 -0.640076803144351 0.173219742700723 -0.697411069729937 -0.699976372277643 -0.0415636227771787 -0.779767633083527 -0.792190209274884 0.126707820497791
22 "WALKING_DOWNSTAIRS" -0.585962696268539 -0.659531216655476 0.0768760112631957 -0.620789916331592 -0.640076803144351 0.173219742700723 -0.697411069729937 -0.699976372277643 -0.0415636227771787 -0.779767633083527 -0.792190209274884 0.126707820497791
19 "WALKING_DOWNSTAIRS" -0.585962696268539 -0.659531216655476 0.0768760112631957 -0.620789916331592 -0.640076803144351 0.173219742700723 -0.697411069729937 -0.699976372277643 -0.0415636227771787 -0.779767633083527 -0.792190209274884 0.126707820497791
6 "WALKING_DOWNSTAIRS" -0.585962696268539 -0.659531216655476 0.0768760112631957 -0.620789916331592 -0.640076803144351 0.173219742700723 -0.697411069729937 -0.699976372277643 -0.0415636227771787 -0.779767633083527 -0.792190209274884 0.126707820497791
15 "WALKING_DOWNSTAIRS" -0.585962696268539 -0.659531216655476 0.0768760112631957 -0.620789916331592 -0.640076803144351 0.173219742700723 -0.697411069729937 -0.699976372277643 -0.0415636227771787 -0.779767633083527 -0.792190209274884 0.126707820497791
17 "WALKING_DOWNSTAIRS" -0.585962696268539 -0.659531216655476 0.0768760112631957 -0.620789916331592 -0.640076803144351 0.173219742700723 -0.697411069729937 -0.699976372277643 -0.0415636227771787 -0.779767633083527 -0.792190209274884 0.126707820497791
1 "WALKING_DOWNSTAIRS" -0.585962696268539 -0.659531216655476 0.0768760112631957 -0.620789916331592 -0.640076803144351 0.173219742700723 -0.697411069729937 -0.699976372277643 -0.0415636227771787 -0.779767633083527 -0.792190209274884 0.126707820497791
21 "WALKING_DOWNSTAIRS" -0.585962696268539 -0.659531216655476 0.0768760112631957 -0.620789916331592 -0.640076803144351 0.173219742700723 -0.697411069729937 -0.699976372277643 -0.0415636227771787 -0.779767633083527 -0.792190209274884 0.126707820497791
23 "WALKING_DOWNSTAIRS" -0.585962696268539 -0.659531216655476 0.0768760112631957 -0.620789916331592 -0.640076803144351 0.173219742700723 -0.697411069729937 -0.699976372277643 -0.0415636227771787 -0.779767633083527 -0.792190209274884 0.126707820497791
25 "WALKING_DOWNSTAIRS" -0.585962696268539 -0.659531216655476 0.0768760112631957 -0.620789916331592 -0.640076803144351 0.173219742700723 -0.697411069729937 -0.699976372277643 -0.0415636227771787 -0.779767633083527 -0.792190209274884 0.126707820497791
4 "WALKING_DOWNSTAIRS" -0.585962696268539 -0.659531216655476 0.0768760112631957 -0.620789916331592 -0.640076803144351 0.173219742700723 -0.697411069729937 -0.699976372277643 -0.0415636227771787 -0.779767633083527 -0.792190209274884 0.126707820497791
26 "WALKING_DOWNSTAIRS" -0.585962696268539 -0.659531216655476 0.0768760112631957 -0.620789916331592 -0.640076803144351 0.173219742700723 -0.697411069729937 -0.699976372277643 -0.0415636227771787 -0.779767633083527 -0.792190209274884 0.126707820497791
5 "WALKING_DOWNSTAIRS" -0.585962696268539 -0.659531216655476 0.0768760112631957 -0.620789916331592 -0.640076803144351 0.173219742700723 -0.697411069729937 -0.699976372277643 -0.0415636227771787 -0.779767633083527 -0.792190209274884 0.126707820497791
8 "WALKING_DOWNSTAIRS" -0.585962696268539 -0.659531216655476 0.0768760112631957 -0.620789916331592 -0.640076803144351 0.173219742700723 -0.697411069729937 -0.699976372277643 -0.0415636227771787 -0.779767633083527 -0.792190209274884 0.126707820497791
29 "WALKING_DOWNSTAIRS" -0.585962696268539 -0.659531216655476 0.0768760112631957 -0.620789916331592 -0.640076803144351 0.173219742700723 -0.697411069729937 -0.699976372277643 -0.0415636227771787 -0.779767633083527 -0.792190209274884 0.126707820497791
27 "WALKING_DOWNSTAIRS" -0.585962696268539 -0.659531216655476 0.0768760112631957 -0.620789916331592 -0.640076803144351 0.173219742700723 -0.697411069729937 -0.699976372277643 -0.0415636227771787 -0.779767633083527 -0.792190209274884 0.126707820497791
10 "WALKING_DOWNSTAIRS" -0.585962696268539 -0.659531216655476 0.0768760112631957 -0.620789916331592 -0.640076803144351 0.173219742700723 -0.697411069729937 -0.699976372277643 -0.0415636227771787 -0.779767633083527 -0.792190209274884 0.126707820497791
16 "WALKING_DOWNSTAIRS" -0.585962696268539 -0.659531216655476 0.0768760112631957 -0.620789916331592 -0.640076803144351 0.173219742700723 -0.697411069729937 -0.699976372277643 -0.0415636227771787 -0.779767633083527 -0.792190209274884 0.126707820497791
12 "WALKING_DOWNSTAIRS" -0.585962696268539 -0.659531216655476 0.0768760112631957 -0.620789916331592 -0.640076803144351 0.173219742700723 -0.697411069729937 -0.699976372277643 -0.0415636227771787 -0.779767633083527 -0.792190209274884 0.126707820497791
28 "WALKING_DOWNSTAIRS" -0.585962696268539 -0.659531216655476 0.0768760112631957 -0.620789916331592 -0.640076803144351 0.173219742700723 -0.697411069729937 -0.699976372277643 -0.0415636227771787 -0.779767633083527 -0.792190209274884 0.126707820497791
30 "WALKING_DOWNSTAIRS" -0.585962696268539 -0.659531216655476 0.0768760112631957 -0.620789916331592 -0.640076803144351 0.173219742700723 -0.697411069729937 -0.699976372277643 -0.0415636227771787 -0.779767633083527 -0.792190209274884 0.126707820497791
2 "WALKING_DOWNSTAIRS" -0.585962696268539 -0.659531216655476 0.0768760112631957 -0.620789916331592 -0.640076803144351 0.173219742700723 -0.697411069729937 -0.699976372277643 -0.0415636227771787 -0.779767633083527 -0.792190209274884 0.126707820497791
3 "SITTING" -0.585962696268539 -0.659531216655476 0.0768760112631957 -0.620789916331592 -0.640076803144351 0.173219742700723 -0.697411069729937 -0.699976372277643 -0.0415636227771787 -0.779767633083527 -0.792190209274884 0.126707820497791
29 "SITTING" -0.585962696268539 -0.659531216655476 0.0768760112631957 -0.620789916331592 -0.640076803144351 0.173219742700723 -0.697411069729937 -0.699976372277643 -0.0415636227771787 -0.779767633083527 -0.792190209274884 0.126707820497791
4 "SITTING" -0.585962696268539 -0.659531216655476 0.0768760112631957 -0.620789916331592 -0.640076803144351 0.173219742700723 -0.697411069729937 -0.699976372277643 -0.0415636227771787 -0.779767633083527 -0.792190209274884 0.126707820497791
10 "SITTING" -0.585962696268539 -0.659531216655476 0.0768760112631957 -0.620789916331592 -0.640076803144351 0.173219742700723 -0.697411069729937 -0.699976372277643 -0.0415636227771787 -0.779767633083527 -0.792190209274884 0.126707820497791
7 "SITTING" -0.585962696268539 -0.659531216655476 0.0768760112631957 -0.620789916331592 -0.640076803144351 0.173219742700723 -0.697411069729937 -0.699976372277643 -0.0415636227771787 -0.779767633083527 -0.792190209274884 0.126707820497791
12 "SITTING" -0.585962696268539 -0.659531216655476 0.0768760112631957 -0.620789916331592 -0.640076803144351 0.173219742700723 -0.697411069729937 -0.699976372277643 -0.0415636227771787 -0.779767633083527 -0.792190209274884 0.126707820497791
28 "SITTING" -0.585962696268539 -0.659531216655476 0.0768760112631957 -0.620789916331592 -0.640076803144351 0.173219742700723 -0.697411069729937 -0.699976372277643 -0.0415636227771787 -0.779767633083527 -0.792190209274884 0.126707820497791
6 "SITTING" -0.585962696268539 -0.659531216655476 0.0768760112631957 -0.620789916331592 -0.640076803144351 0.173219742700723 -0.697411069729937 -0.699976372277643 -0.0415636227771787 -0.779767633083527 -0.792190209274884 0.126707820497791
21 "SITTING" -0.585962696268539 -0.659531216655476 0.0768760112631957 -0.620789916331592 -0.640076803144351 0.173219742700723 -0.697411069729937 -0.699976372277643 -0.0415636227771787 -0.779767633083527 -0.792190209274884 0.126707820497791
25 "SITTING" -0.585962696268539 -0.659531216655476 0.0768760112631957 -0.620789916331592 -0.640076803144351 0.173219742700723 -0.697411069729937 -0.699976372277643 -0.0415636227771787 -0.779767633083527 -0.792190209274884 0.126707820497791
30 "SITTING" -0.585962696268539 -0.659531216655476 0.0768760112631957 -0.620789916331592 -0.640076803144351 0.173219742700723 -0.697411069729937 -0.699976372277643 -0.0415636227771787 -0.779767633083527 -0.792190209274884 0.126707820497791
9 "SITTING" -0.585962696268539 -0.659531216655476 0.0768760112631957 -0.620789916331592 -0.640076803144351 0.173219742700723 -0.697411069729937 -0.699976372277643 -0.0415636227771787 -0.779767633083527 -0.792190209274884 0.126707820497791
11 "SITTING" -0.585962696268539 -0.659531216655476 0.0768760112631957 -0.620789916331592 -0.640076803144351 0.173219742700723 -0.697411069729937 -0.699976372277643 -0.0415636227771787 -0.779767633083527 -0.792190209274884 0.126707820497791
5 "SITTING" -0.585962696268539 -0.659531216655476 0.0768760112631957 -0.620789916331592 -0.640076803144351 0.173219742700723 -0.697411069729937 -0.699976372277643 -0.0415636227771787 -0.779767633083527 -0.792190209274884 0.126707820497791
27 "SITTING" -0.585962696268539 -0.659531216655476 0.0768760112631957 -0.620789916331592 -0.640076803144351 0.173219742700723 -0.697411069729937 -0.699976372277643 -0.0415636227771787 -0.779767633083527 -0.792190209274884 0.126707820497791
13 "SITTING" -0.585962696268539 -0.659531216655476 0.0768760112631957 -0.620789916331592 -0.640076803144351 0.173219742700723 -0.697411069729937 -0.699976372277643 -0.0415636227771787 -0.779767633083527 -0.792190209274884 0.126707820497791
19 "SITTING" -0.585962696268539 -0.659531216655476 0.0768760112631957 -0.620789916331592 -0.640076803144351 0.173219742700723 -0.697411069729937 -0.699976372277643 -0.0415636227771787 -0.779767633083527 -0.792190209274884 0.126707820497791
20 "SITTING" -0.585962696268539 -0.659531216655476 0.0768760112631957 -0.620789916331592 -0.640076803144351 0.173219742700723 -0.697411069729937 -0.699976372277643 -0.0415636227771787 -0.779767633083527 -0.792190209274884 0.126707820497791
26 "SITTING" -0.585962696268539 -0.659531216655476 0.0768760112631957 -0.620789916331592 -0.640076803144351 0.173219742700723 -0.697411069729937 -0.699976372277643 -0.0415636227771787 -0.779767633083527 -0.792190209274884 0.126707820497791
14 "SITTING" -0.585962696268539 -0.659531216655476 0.0768760112631957 -0.620789916331592 -0.640076803144351 0.173219742700723 -0.697411069729937 -0.699976372277643 -0.0415636227771787 -0.779767633083527 -0.792190209274884 0.126707820497791
24 "SITTING" -0.585962696268539 -0.659531216655476 0.0768760112631957 -0.620789916331592 -0.640076803144351 0.173219742700723 -0.697411069729937 -0.699976372277643 -0.0415636227771787 -0.779767633083527 -0.792190209274884 0.126707820497791
2 "SITTING" -0.585962696268539 -0.659531216655476 0.0768760112631957 -0.620789916331592 -0.640076803144351 0.173219742700723 -0.697411069729937 -0.699976372277643 -0.0415636227771787 -0.779767633083527 -0.792190209274884 0.126707820497791
22 "SITTING" -0.585962696268539 -0.659531216655476 0.0768760112631957 -0.620789916331592 -0.640076803144351 0.173219742700723 -0.697411069729937 -0.699976372277643 -0.0415636227771787 -0.779767633083527 -0.792190209274884 0.126707820497791
8 "SITTING" -0.585962696268539 -0.659531216655476 0.0768760112631957 -0.620789916331592 -0.640076803144351 0.173219742700723 -0.697411069729937 -0.699976372277643 -0.0415636227771787 -0.779767633083527 -0.792190209274884 0.126707820497791
1 "SITTING" -0.585962696268539 -0.659531216655476 0.0768760112631957 -0.620789916331592 -0.640076803144351 0.173219742700723 -0.697411069729937 -0.699976372277643 -0.0415636227771787 -0.779767633083527 -0.792190209274884 0.126707820497791
23 "SITTING" -0.585962696268539 -0.659531216655476 0.0768760112631957 -0.620789916331592 -0.640076803144351 0.173219742700723 -0.697411069729937 -0.699976372277643 -0.0415636227771787 -0.779767633083527 -0.792190209274884 0.126707820497791
18 "SITTING" -0.585962696268539 -0.659531216655476 0.0768760112631957 -0.620789916331592 -0.640076803144351 0.173219742700723 -0.697411069729937 -0.699976372277643 -0.0415636227771787 -0.779767633083527 -0.792190209274884 0.126707820497791
16 "SITTING" -0.585962696268539 -0.659531216655476 0.0768760112631957 -0.620789916331592 -0.640076803144351 0.173219742700723 -0.697411069729937 -0.699976372277643 -0.0415636227771787 -0.779767633083527 -0.792190209274884 0.126707820497791
17 "SITTING" -0.585962696268539 -0.659531216655476 0.0768760112631957 -0.620789916331592 -0.640076803144351 0.173219742700723 -0.697411069729937 -0.699976372277643 -0.0415636227771787 -0.779767633083527 -0.792190209274884 0.126707820497791
15 "SITTING" -0.585962696268539 -0.659531216655476 0.0768760112631957 -0.620789916331592 -0.640076803144351 0.173219742700723 -0.697411069729937 -0.699976372277643 -0.0415636227771787 -0.779767633083527 -0.792190209274884 0.126707820497791
2 "STANDING" -0.585962696268539 -0.659531216655476 0.0768760112631957 -0.620789916331592 -0.640076803144351 0.173219742700723 -0.697411069729937 -0.699976372277643 -0.0415636227771787 -0.779767633083527 -0.792190209274884 0.126707820497791
3 "STANDING" -0.585962696268539 -0.659531216655476 0.0768760112631957 -0.620789916331592 -0.640076803144351 0.173219742700723 -0.697411069729937 -0.699976372277643 -0.0415636227771787 -0.779767633083527 -0.792190209274884 0.126707820497791
20 "STANDING" -0.585962696268539 -0.659531216655476 0.0768760112631957 -0.620789916331592 -0.640076803144351 0.173219742700723 -0.697411069729937 -0.699976372277643 -0.0415636227771787 -0.779767633083527 -0.792190209274884 0.126707820497791
7 "STANDING" -0.585962696268539 -0.659531216655476 0.0768760112631957 -0.620789916331592 -0.640076803144351 0.173219742700723 -0.697411069729937 -0.699976372277643 -0.0415636227771787 -0.779767633083527 -0.792190209274884 0.126707820497791
27 "STANDING" -0.585962696268539 -0.659531216655476 0.0768760112631957 -0.620789916331592 -0.640076803144351 0.173219742700723 -0.697411069729937 -0.699976372277643 -0.0415636227771787 -0.779767633083527 -0.792190209274884 0.126707820497791
30 "STANDING" -0.585962696268539 -0.659531216655476 0.0768760112631957 -0.620789916331592 -0.640076803144351 0.173219742700723 -0.697411069729937 -0.699976372277643 -0.0415636227771787 -0.779767633083527 -0.792190209274884 0.126707820497791
4 "STANDING" -0.585962696268539 -0.659531216655476 0.0768760112631957 -0.620789916331592 -0.640076803144351 0.173219742700723 -0.697411069729937 -0.699976372277643 -0.0415636227771787 -0.779767633083527 -0.792190209274884 0.126707820497791
12 "STANDING" -0.585962696268539 -0.659531216655476 0.0768760112631957 -0.620789916331592 -0.640076803144351 0.173219742700723 -0.697411069729937 -0.699976372277643 -0.0415636227771787 -0.779767633083527 -0.792190209274884 0.126707820497791
5 "STANDING" -0.585962696268539 -0.659531216655476 0.0768760112631957 -0.620789916331592 -0.640076803144351 0.173219742700723 -0.697411069729937 -0.699976372277643 -0.0415636227771787 -0.779767633083527 -0.792190209274884 0.126707820497791
19 "STANDING" -0.585962696268539 -0.659531216655476 0.0768760112631957 -0.620789916331592 -0.640076803144351 0.173219742700723 -0.697411069729937 -0.699976372277643 -0.0415636227771787 -0.779767633083527 -0.792190209274884 0.126707820497791
21 "STANDING" -0.585962696268539 -0.659531216655476 0.0768760112631957 -0.620789916331592 -0.640076803144351 0.173219742700723 -0.697411069729937 -0.699976372277643 -0.0415636227771787 -0.779767633083527 -0.792190209274884 0.126707820497791
13 "STANDING" -0.585962696268539 -0.659531216655476 0.0768760112631957 -0.620789916331592 -0.640076803144351 0.173219742700723 -0.697411069729937 -0.699976372277643 -0.0415636227771787 -0.779767633083527 -0.792190209274884 0.126707820497791
10 "STANDING" -0.585962696268539 -0.659531216655476 0.0768760112631957 -0.620789916331592 -0.640076803144351 0.173219742700723 -0.697411069729937 -0.699976372277643 -0.0415636227771787 -0.779767633083527 -0.792190209274884 0.126707820497791
8 "STANDING" -0.585962696268539 -0.659531216655476 0.0768760112631957 -0.620789916331592 -0.640076803144351 0.173219742700723 -0.697411069729937 -0.699976372277643 -0.0415636227771787 -0.779767633083527 -0.792190209274884 0.126707820497791
11 "STANDING" -0.585962696268539 -0.659531216655476 0.0768760112631957 -0.620789916331592 -0.640076803144351 0.173219742700723 -0.697411069729937 -0.699976372277643 -0.0415636227771787 -0.779767633083527 -0.792190209274884 0.126707820497791
9 "STANDING" -0.585962696268539 -0.659531216655476 0.0768760112631957 -0.620789916331592 -0.640076803144351 0.173219742700723 -0.697411069729937 -0.699976372277643 -0.0415636227771787 -0.779767633083527 -0.792190209274884 0.126707820497791
24 "STANDING" -0.585962696268539 -0.659531216655476 0.0768760112631957 -0.620789916331592 -0.640076803144351 0.173219742700723 -0.697411069729937 -0.699976372277643 -0.0415636227771787 -0.779767633083527 -0.792190209274884 0.126707820497791
22 "STANDING" -0.585962696268539 -0.659531216655476 0.0768760112631957 -0.620789916331592 -0.640076803144351 0.173219742700723 -0.697411069729937 -0.699976372277643 -0.0415636227771787 -0.779767633083527 -0.792190209274884 0.126707820497791
18 "STANDING" -0.585962696268539 -0.659531216655476 0.0768760112631957 -0.620789916331592 -0.640076803144351 0.173219742700723 -0.697411069729937 -0.699976372277643 -0.0415636227771787 -0.779767633083527 -0.792190209274884 0.126707820497791
28 "STANDING" -0.585962696268539 -0.659531216655476 0.0768760112631957 -0.620789916331592 -0.640076803144351 0.173219742700723 -0.697411069729937 -0.699976372277643 -0.0415636227771787 -0.779767633083527 -0.792190209274884 0.126707820497791
6 "STANDING" -0.585962696268539 -0.659531216655476 0.0768760112631957 -0.620789916331592 -0.640076803144351 0.173219742700723 -0.697411069729937 -0.699976372277643 -0.0415636227771787 -0.779767633083527 -0.792190209274884 0.126707820497791
17 "STANDING" -0.585962696268539 -0.659531216655476 0.0768760112631957 -0.620789916331592 -0.640076803144351 0.173219742700723 -0.697411069729937 -0.699976372277643 -0.0415636227771787 -0.779767633083527 -0.792190209274884 0.126707820497791
16 "STANDING" -0.585962696268539 -0.659531216655476 0.0768760112631957 -0.620789916331592 -0.640076803144351 0.173219742700723 -0.697411069729937 -0.699976372277643 -0.0415636227771787 -0.779767633083527 -0.792190209274884 0.126707820497791
14 "STANDING" -0.585962696268539 -0.659531216655476 0.0768760112631957 -0.620789916331592 -0.640076803144351 0.173219742700723 -0.697411069729937 -0.699976372277643 -0.0415636227771787 -0.779767633083527 -0.792190209274884 0.126707820497791
23 "STANDING" -0.585962696268539 -0.659531216655476 0.0768760112631957 -0.620789916331592 -0.640076803144351 0.173219742700723 -0.697411069729937 -0.699976372277643 -0.0415636227771787 -0.779767633083527 -0.792190209274884 0.126707820497791
15 "STANDING" -0.585962696268539 -0.659531216655476 0.0768760112631957 -0.620789916331592 -0.640076803144351 0.173219742700723 -0.697411069729937 -0.699976372277643 -0.0415636227771787 -0.779767633083527 -0.792190209274884 0.126707820497791
29 "STANDING" -0.585962696268539 -0.659531216655476 0.0768760112631957 -0.620789916331592 -0.640076803144351 0.173219742700723 -0.697411069729937 -0.699976372277643 -0.0415636227771787 -0.779767633083527 -0.792190209274884 0.126707820497791
26 "STANDING" -0.585962696268539 -0.659531216655476 0.0768760112631957 -0.620789916331592 -0.640076803144351 0.173219742700723 -0.697411069729937 -0.699976372277643 -0.0415636227771787 -0.779767633083527 -0.792190209274884 0.126707820497791
25 "STANDING" -0.585962696268539 -0.659531216655476 0.0768760112631957 -0.620789916331592 -0.640076803144351 0.173219742700723 -0.697411069729937 -0.699976372277643 -0.0415636227771787 -0.779767633083527 -0.792190209274884 0.126707820497791
1 "STANDING" -0.585962696268539 -0.659531216655476 0.0768760112631957 -0.620789916331592 -0.640076803144351 0.173219742700723 -0.697411069729937 -0.699976372277643 -0.0415636227771787 -0.779767633083527 -0.792190209274884 0.126707820497791
30 "LAYING" -0.585962696268539 -0.659531216655476 0.0768760112631957 -0.620789916331592 -0.640076803144351 0.173219742700723 -0.697411069729937 -0.699976372277643 -0.0415636227771787 -0.779767633083527 -0.792190209274884 0.126707820497791
27 "LAYING" -0.585962696268539 -0.659531216655476 0.0768760112631957 -0.620789916331592 -0.640076803144351 0.173219742700723 -0.697411069729937 -0.699976372277643 -0.0415636227771787 -0.779767633083527 -0.792190209274884 0.126707820497791
14 "LAYING" -0.585962696268539 -0.659531216655476 0.0768760112631957 -0.620789916331592 -0.640076803144351 0.173219742700723 -0.697411069729937 -0.699976372277643 -0.0415636227771787 -0.779767633083527 -0.792190209274884 0.126707820497791
28 "LAYING" -0.585962696268539 -0.659531216655476 0.0768760112631957 -0.620789916331592 -0.640076803144351 0.173219742700723 -0.697411069729937 -0.699976372277643 -0.0415636227771787 -0.779767633083527 -0.792190209274884 0.126707820497791
6 "LAYING" -0.585962696268539 -0.659531216655476 0.0768760112631957 -0.620789916331592 -0.640076803144351 0.173219742700723 -0.697411069729937 -0.699976372277643 -0.0415636227771787 -0.779767633083527 -0.792190209274884 0.126707820497791
13 "LAYING" -0.585962696268539 -0.659531216655476 0.0768760112631957 -0.620789916331592 -0.640076803144351 0.173219742700723 -0.697411069729937 -0.699976372277643 -0.0415636227771787 -0.779767633083527 -0.792190209274884 0.126707820497791
26 "LAYING" -0.585962696268539 -0.659531216655476 0.0768760112631957 -0.620789916331592 -0.640076803144351 0.173219742700723 -0.697411069729937 -0.699976372277643 -0.0415636227771787 -0.779767633083527 -0.792190209274884 0.126707820497791
29 "LAYING" -0.585962696268539 -0.659531216655476 0.0768760112631957 -0.620789916331592 -0.640076803144351 0.173219742700723 -0.697411069729937 -0.699976372277643 -0.0415636227771787 -0.779767633083527 -0.792190209274884 0.126707820497791
20 "LAYING" -0.585962696268539 -0.659531216655476 0.0768760112631957 -0.620789916331592 -0.640076803144351 0.173219742700723 -0.697411069729937 -0.699976372277643 -0.0415636227771787 -0.779767633083527 -0.792190209274884 0.126707820497791
12 "LAYING" -0.585962696268539 -0.659531216655476 0.0768760112631957 -0.620789916331592 -0.640076803144351 0.173219742700723 -0.697411069729937 -0.699976372277643 -0.0415636227771787 -0.779767633083527 -0.792190209274884 0.126707820497791
11 "LAYING" -0.585962696268539 -0.659531216655476 0.0768760112631957 -0.620789916331592 -0.640076803144351 0.173219742700723 -0.697411069729937 -0.699976372277643 -0.0415636227771787 -0.779767633083527 -0.792190209274884 0.126707820497791
3 "LAYING" -0.585962696268539 -0.659531216655476 0.0768760112631957 -0.620789916331592 -0.640076803144351 0.173219742700723 -0.697411069729937 -0.699976372277643 -0.0415636227771787 -0.779767633083527 -0.792190209274884 0.126707820497791
7 "LAYING" -0.585962696268539 -0.659531216655476 0.0768760112631957 -0.620789916331592 -0.640076803144351 0.173219742700723 -0.697411069729937 -0.699976372277643 -0.0415636227771787 -0.779767633083527 -0.792190209274884 0.126707820497791
10 "LAYING" -0.585962696268539 -0.659531216655476 0.0768760112631957 -0.620789916331592 -0.640076803144351 0.173219742700723 -0.697411069729937 -0.699976372277643 -0.0415636227771787 -0.779767633083527 -0.792190209274884 0.126707820497791
8 "LAYING" -0.585962696268539 -0.659531216655476 0.0768760112631957 -0.620789916331592 -0.640076803144351 0.173219742700723 -0.697411069729937 -0.699976372277643 -0.0415636227771787 -0.779767633083527 -0.792190209274884 0.126707820497791
21 "LAYING" -0.585962696268539 -0.659531216655476 0.0768760112631957 -0.620789916331592 -0.640076803144351 0.173219742700723 -0.697411069729937 -0.699976372277643 -0.0415636227771787 -0.779767633083527 -0.792190209274884 0.126707820497791
4 "LAYING" -0.585962696268539 -0.659531216655476 0.0768760112631957 -0.620789916331592 -0.640076803144351 0.173219742700723 -0.697411069729937 -0.699976372277643 -0.0415636227771787 -0.779767633083527 -0.792190209274884 0.126707820497791
18 "LAYING" -0.585962696268539 -0.659531216655476 0.0768760112631957 -0.620789916331592 -0.640076803144351 0.173219742700723 -0.697411069729937 -0.699976372277643 -0.0415636227771787 -0.779767633083527 -0.792190209274884 0.126707820497791
5 "LAYING" -0.585962696268539 -0.659531216655476 0.0768760112631957 -0.620789916331592 -0.640076803144351 0.173219742700723 -0.697411069729937 -0.699976372277643 -0.0415636227771787 -0.779767633083527 -0.792190209274884 0.126707820497791
22 "LAYING" -0.585962696268539 -0.659531216655476 0.0768760112631957 -0.620789916331592 -0.640076803144351 0.173219742700723 -0.697411069729937 -0.699976372277643 -0.0415636227771787 -0.779767633083527 -0.792190209274884 0.126707820497791
9 "LAYING" -0.585962696268539 -0.659531216655476 0.0768760112631957 -0.620789916331592 -0.640076803144351 0.173219742700723 -0.697411069729937 -0.699976372277643 -0.0415636227771787 -0.779767633083527 -0.792190209274884 0.126707820497791
25 "LAYING" -0.585962696268539 -0.659531216655476 0.0768760112631957 -0.620789916331592 -0.640076803144351 0.173219742700723 -0.697411069729937 -0.699976372277643 -0.0415636227771787 -0.779767633083527 -0.792190209274884 0.126707820497791
19 "LAYING" -0.585962696268539 -0.659531216655476 0.0768760112631957 -0.620789916331592 -0.640076803144351 0.173219742700723 -0.697411069729937 -0.699976372277643 -0.0415636227771787 -0.779767633083527 -0.792190209274884 0.126707820497791
23 "LAYING" -0.585962696268539 -0.659531216655476 0.0768760112631957 -0.620789916331592 -0.640076803144351 0.173219742700723 -0.697411069729937 -0.699976372277643 -0.0415636227771787 -0.779767633083527 -0.792190209274884 0.126707820497791
24 "LAYING" -0.585962696268539 -0.659531216655476 0.0768760112631957 -0.620789916331592 -0.640076803144351 0.173219742700723 -0.697411069729937 -0.699976372277643 -0.0415636227771787 -0.779767633083527 -0.792190209274884 0.126707820497791
16 "LAYING" -0.585962696268539 -0.659531216655476 0.0768760112631957 -0.620789916331592 -0.640076803144351 0.173219742700723 -0.697411069729937 -0.699976372277643 -0.0415636227771787 -0.779767633083527 -0.792190209274884 0.126707820497791
1 "LAYING" -0.585962696268539 -0.659531216655476 0.0768760112631957 -0.620789916331592 -0.640076803144351 0.173219742700723 -0.697411069729937 -0.699976372277643 -0.0415636227771787 -0.779767633083527 -0.792190209274884 0.126707820497791
15 "LAYING" -0.585962696268539 -0.659531216655476 0.0768760112631957 -0.620789916331592 -0.640076803144351 0.173219742700723 -0.697411069729937 -0.699976372277643 -0.0415636227771787 -0.779767633083527 -0.792190209274884 0.126707820497791
2 "LAYING" -0.585962696268539 -0.659531216655476 0.0768760112631957 -0.620789916331592 -0.640076803144351 0.173219742700723 -0.697411069729937 -0.699976372277643 -0.0415636227771787 -0.779767633083527 -0.792190209274884 0.126707820497791
17 "LAYING" -0.585962696268539 -0.659531216655476 0.0768760112631957 -0.620789916331592 -0.640076803144351 0.173219742700723 -0.697411069729937 -0.699976372277643 -0.0415636227771787 -0.779767633083527 -0.792190209274884 0.126707820497791
