"subject" "activity" "mean_tbodyaccjerk_minus_mean_minus_x" "mean_tbodyaccjerk_minus_mean_minus_y" "mean_tbodyaccjerk_minus_mean_minus_z" "mean_tbodyaccjerk_minus_std_minus_x" "mean_tbodyaccjerk_minus_std_minus_y" "mean_tbodyaccjerk_minus_std_minus_z" "mean_tbodygyrojerk_minus_mean_minus_x" "mean_tbodygyrojerk_minus_mean_minus_y" "mean_tbodygyrojerk_minus_mean_minus_z" "mean_tbodygyrojerk_minus_std_minus_x" "mean_tbodygyrojerk_minus_std_minus_y" "mean_tbodygyrojerk_minus_std_minus_z"
7 "WALKING" 0.0789381220355816 0.0079481069090025 -0.00467469823628666 -0.63978102073413 -0.607971599340832 -0.762820240449202 -0.0967092754729682 -0.0423181079782632 -0.0548303497968374 -0.731348533131935 -0.786062320321895 -0.739932395222129
21 "WALKING" 0.0789381220355816 0.0079481069090025 -0.00467469823628666 -0.63978102073413 -0.607971599340832 -0.762820240449202 -0.0967092754729682 -0.0423181079782632 -0.0548303497968374 -0.731348533131935 -0.786062320321895 -0.739932395222129
18 "WALKING" 0.0789381220355816 0.0079481069090025 -0.00467469823628666 -0.63978102073413 -0.607971599340832 -0.762820240449202 -0.0967092754729682 -0.0423181079782632 -0.0548303497968374 -0.731348533131935 -0.786062320321895 -0.739932395222129
11 "WALKING" 0.0789381220355816 0.0079481069090025 -0.00467469823628666 -0.63978102073413 -0.607971599340832 -0.762820240449202 -0.0967092754729682 -0.0423181079782632 -0.0548303497968374 -0.731348533131935 -0.786062320321895 -0.739932395222129
20 "WALKING" 0.0789381220355816 0.0079481069090025 -0.00467469823628666 -0.63978102073413 -0.607971599340832 -0.762820240449202 -0.0967092754729682 -0.0423181079782632 -0.0548303497968374 -0.731348533131935 -0.786062320321895 -0.739932395222129
22 "WALKING" 0.0789381220355816 0.0079481069090025 -0.00467469823628666 -0.63978102073413 -0.607971599340832 -0.762820240449202 -0.0967092754729682 -0.0423181079782632 -0.0548303497968374 -0.731348533131935 -0.786062320321895 -0.739932395222129
26 "WALKING" 0.0789381220355816 0.0079481069090025 -0.00467469823628666 -0.63978102073413 -0.607971599340832 -0.762820240449202 -0.0967092754729682 -0.0423181079782632 -0.0548303497968374 -0.731348533131935 -0.786062320321895 -0.739932395222129
6 "WALKING" 0.0789381220355816 0.0079481069090025 -0.00467469823628666 -0.63978102073413 -0.607971599340832 -0.762820240449202 -0.0967092754729682 -0.0423181079782632 -0.0548303497968374 -0.731348533131935 -0.786062320321895 -0.739932395222129
19 "WALKING" 0.0789381220355816 0.0079481069090025 -0.00467469823628666 -0.63978102073413 -0.607971599340832 -0.762820240449202 -0.0967092754729682 -0.0423181079782632 -0.0548303497968374 -0.731348533131935 -0.786062320321895 -0.739932395222129
14 "WALKING" 0.0789381220355816 0.0079481069090025 -0.00467469823628666 -0.63978102073413 -0.607971599340832 -0.762820240449202 -0.0967092754729682 -0.0423181079782632 -0.0548303497968374 -0.731348533131935 -0.786062320321895 -0.739932395222129
29 "WALKING" 0.0789381220355816 0.0079481069090025 -0.00467469823628666 -0.63978102073413 -0.607971599340832 -0.762820240449202 -0.0967092754729682 -0.0423181079782632 -0.0548303497968374 -0.731348533131935 -0.786062320321895 -0.739932395222129
27 "WALKING" 0.0789381220355816 0.0079481069090025 -0.00467469823628666 -0.63978102073413 -0.607971599340832 -0.762820240449202 -0.0967092754729682 -0.0423181079782632 -0.0548303497968374 -0.731348533131935 -0.786062320321895 -0.739932395222129
4 "WALKING" 0.0789381220355816 0.0079481069090025 -0.00467469823628666 -0.63978102073413 -0.607971599340832 -0.762820240449202 -0.0967092754729682 -0.0423181079782632 -0.0548303497968374 -0.731348533131935 -0.786062320321895 -0.739932395222129
3 "WALKING" 0.0789381220355816 0.0079481069090025 -0.00467469823628666 -0.63978102073413 -0.607971599340832 -0.762820240449202 -0.0967092754729682 -0.0423181079782632 -0.0548303497968374 -0.731348533131935 -0.786062320321895 -0.739932395222129
30 "WALKING" 0.0789381220355816 0.0079481069090025 -0.00467469823628666 -0.63978102073413 -0.607971599340832 -0.762820240449202 -0.0967092754729682 -0.0423181079782632 -0.0548303497968374 -0.731348533131935 -0.786062320321895 -0.739932395222129
13 "WALKING" 0.0789381220355816 0.0079481069090025 -0.00467469823628666 -0.63978102073413 -0.607971599340832 -0.762820240449202 -0.0967092754729682 -0.0423181079782632 -0.0548303497968374 -0.731348533131935 -0.786062320321895 -0.739932395222129
9 "WALKING" 0.0789381220355816 0.0079481069090025 -0.00467469823628666 -0.63978102073413 -0.607971599340832 -0.762820240449202 -0.0967092754729682 -0.0423181079782632 -0.0548303497968374 -0.731348533131935 -0.786062320321895 -0.739932395222129
12 "WALKING" 0.0789381220355816 0.0079481069090025 -0.00467469823628666 -0.63978102073413 -0.607971599340832 -0.762820240449202 -0.0967092754729682 -0.0423181079782632 -0.0548303497968374 -0.731348533131935 -0.786062320321895 -0.739932395222129
1 "WALKING" 0.0789381220355816 0.0079481069090025 -0.00467469823628666 -0.63978102073413 -0.607971599340832 -0.762820240449202 -0.0967092754729682 -0.0423181079782632 -0.0548303497968374 -0.731348533131935 -0.786062320321895 -0.739932395222129
8 "WALKING" 0.0789381220355816 0.0079481069090025 -0.00467469823628666 -0.63978102073413 -0.607971599340832 -0.762820240449202 -0.0967092754729682 -0.0423181079782632 -0.0548303497968374 -0.731348533131935 -0.786062320321895 -0.739932395222129
23 "WALKING" 0.0789381220355816 0.0079481069090025 -0.00467469823628666 -0.63978102073413 -0.607971599340832 -0.762820240449202 -0.0967092754729682 -0.0423181079782632 -0.0548303497968374 -0.731348533131935 -0.786062320321895 -0.739932395222129
25 "WALKING" 0.0789381220355816 0.0079481069090025 -0.00467469823628666 -0.63978102073413 -0.607971599340832 -0.762820240449202 -0.0967092754729682 -0.0423181079782632 -0.0548303497968374 -0.731348533131935 -0.786062320321895 -0.739932395222129
5 "WALKING" 0.0789381220355816 0.0079481069090025 -0.00467469823628666 -0.63978102073413 -0.607971599340832 -0.762820240449202 -0.0967092754729682 -0.0423181079782632 -0.0548303497968374 -0.731348533131935 -0.786062320321895 -0.739932395222129
28 "WALKING" 0.0789381220355816 0.0079481069090025 -0.00467469823628666 -0.63978102073413 -0.607971599340832 -0.762820240449202 -0.0967092754729682 -0.0423181079782632 -0.0548303497968374 -0.731348533131935 -0.786062320321895 -0.739932395222129
10 "WALKING" 0.0789381220355816 0.0079481069090025 -0.00467469823628666 -0.63978102073413 -0.607971599340832 -0.762820240449202 -0.0967092754729682 -0.0423181079782632 -0.0548303497968374 -0.731348533131935 -0.786062320321895 -0.739932395222129
24 "WALKING" 0.0789381220355816 0.0079481069090025 -0.00467469823628666 -0.63978102073413 -0.607971599340832 -0.762820240449202 -0.0967092754729682 -0.0423181079782632 -0.0548303497968374 -0.731348533131935 -0.786062320321895 -0.739932395222129
15 "WALKING" 0.0789381220355816 0.0079481069090025 -0.00467469823628666 -0.63978102073413 -0.607971599340832 -0.762820240449202 -0.0967092754729682 -0.0423181079782632 -0.0548303497968374 -0.731348533131935 -0.786062320321895 -0.739932395222129
16 "WALKING" 0.0789381220355816 0.0079481069090025 -0.00467469823628666 -0.63978102073413 -0.607971599340832 -0.762820240449202 -0.0967092754729682 -0.0423181079782632 -0.0548303497968374 -0.731348533131935 -0.786062320321895 -0.739932395222129
2 "WALKING" 0.0789381220355816 0.0079481069090025 -0.00467469823628666 -0.63978102073413 -0.607971599340832 -0.762820240449202 -0.0967092754729682 -0.0423181079782632 -0.0548303497968374 -0.731348533131935 -0.786062320321895 -0.739932395222129
17 "WALKING" 0.0789381220355816 0.0079481069090025 -0.00467469823628666 -0.63978102073413 -0.607971599340832 -0.762820240449202 -0.0967092754729682 -0.0423181079782632 -0.0548303497968374 -0.731348533131935 -0.786062320321895 -0.739932395222129
3 "WALKING_UPSTAIRS" 0.0789381220355816 0.0079481069090025 -0.00467469823628666 -0.63978102073413 -0.607971599340832 -0.762820240449202 -0.0967092754729682 -0.0423181079782632 -0.0548303497968374 -0.731348533131935 -0.786062320321895 -0.739932395222129
1 "WALKING_UPSTAIRS" 0.0789381220355816 0.0079481069090025 -0.00467469823628666 -0.63978102073413 -0.607971599340832 -0.762820240449202 -0.0967092754729682 -0.0423181079782632 -0.0548303497968374 -0.731348533131935 -0.786062320321895 -0.739932395222129
21 "WALKING_UPSTAIRS" 0.0789381220355816 0.0079481069090025 -0.00467469823628666 -0.63978102073413 -0.607971599340832 -0.762820240449202 -0.0967092754729682 -0.0423181079782632 -0.0548303497968374 -0.731348533131935 -0.786062320321895 -0.739932395222129
23 "WALKING_UPSTAIRS" 0.0789381220355816 0.0079481069090025 -0.00467469823628666 -0.63978102073413 -0.607971599340832 -0.762820240449202 -0.0967092754729682 -0.0423181079782632 -0.0548303497968374 -0.731348533131935 -0.786062320321895 -0.739932395222129
13 "WALKING_UPSTAIRS" 0.0789381220355816 0.0079481069090025 -0.00467469823628666 -0.63978102073413 -0.607971599340832 -0.762820240449202 -0.0967092754729682 -0.0423181079782632 -0.0548303497968374 -0.731348533131935 -0.786062320321895 -0.739932395222129
20 "WALKING_UPSTAIRS" 0.0789381220355816 0.0079481069090025 -0.00467469823628666 -0.63978102073413 -0.607971599340832 -0.762820240449202 -0.0967092754729682 -0.0423181079782632 -0.0548303497968374 -0.731348533131935 -0.786062320321895 -0.739932395222129
22 "WALKING_UPSTAIRS" 0.0789381220355816 0.0079481069090025 -0.00467469823628666 -0.63978102073413 -0.607971599340832 -0.762820240449202 -0.0967092754729682 -0.0423181079782632 -0.0548303497968374 -0.731348533131935 -0.786062320321895 -0.739932395222129
4 "WALKING_UPSTAIRS" 0.0789381220355816 0.0079481069090025 -0.00467469823628666 -0.63978102073413 -0.607971599340832 -0.762820240449202 -0.0967092754729682 -0.0423181079782632 -0.0548303497968374 -0.731348533131935 -0.786062320321895 -0.739932395222129
12 "WALKING_UPSTAIRS" 0.0789381220355816 0.0079481069090025 -0.00467469823628666 -0.63978102073413 -0.607971599340832 -0.762820240449202 -0.0967092754729682 -0.0423181079782632 -0.0548303497968374 -0.731348533131935 -0.786062320321895 -0.739932395222129
9 "WALKING_UPSTAIRS" 0.0789381220355816 0.0079481069090025 -0.00467469823628666 -0.63978102073413 -0.607971599340832 -0.762820240449202 -0.0967092754729682 -0.0423181079782632 -0.0548303497968374 -0.731348533131935 -0.786062320321895 -0.739932395222129
7 "WALKING_UPSTAIRS" 0.0789381220355816 0.0079481069090025 -0.00467469823628666 -0.63978102073413 -0.607971599340832 -0.762820240449202 -0.0967092754729682 -0.0423181079782632 -0.0548303497968374 -0.731348533131935 -0.786062320321895 -0.739932395222129
11 "WALKING_UPSTAIRS" 0.0789381220355816 0.0079481069090025 -0.00467469823628666 -0.63978102073413 -0.607971599340832 -0.762820240449202 -0.0967092754729682 -0.0423181079782632 -0.0548303497968374 -0.731348533131935 -0.786062320321895 -0.739932395222129
2 "WALKING_UPSTAIRS" 0.0789381220355816 0.0079481069090025 -0.00467469823628666 -0.63978102073413 -0.607971599340832 -0.762820240449202 -0.0967092754729682 -0.0423181079782632 -0.0548303497968374 -0.731348533131935 -0.786062320321895 -0.739932395222129
6 "WALKING_UPSTAIRS" 0.0789381220355816 0.0079481069090025 -0.00467469823628666 -0.63978102073413 -0.607971599340832 -0.762820240449202 -0.0967092754729682 -0.0423181079782632 -0.0548303497968374 -0.731348533131935 -0.786062320321895 -0.739932395222129
25 "WALKING_UPSTAIRS" 0.0789381220355816 0.0079481069090025 -0.00467469823628666 -0.63978102073413 -0.607971599340832 -0.762820240449202 -0.0967092754729682 -0.0423181079782632 -0.0548303497968374 -0.731348533131935 -0.786062320321895 -0.739932395222129
5 "WALKING_UPSTAIRS" 0.0789381220355816 0.0079481069090025 -0.00467469823628666 -0.63978102073413 -0.607971599340832 -0.762820240449202 -0.0967092754729682 -0.0423181079782632 -0.0548303497968374 -0.731348533131935 -0.786062320321895 -0.739932395222129
18 "WALKING_UPSTAIRS" 0.0789381220355816 0.0079481069090025 -0.00467469823628666 -0.63978102073413 -0.607971599340832 -0.762820240449202 -0.0967092754729682 -0.0423181079782632 -0.0548303497968374 -0.731348533131935 -0.786062320321895 -0.739932395222129
15 "WALKING_UPSTAIRS" 0.0789381220355816 0.0079481069090025 -0.00467469823628666 -0.63978102073413 -0.607971599340832 -0.762820240449202 -0.0967092754729682 -0.0423181079782632 -0.0548303497968374 -0.731348533131935 -0.786062320321895 -0.739932395222129
26 "WALKING_UPSTAIRS" 0.0789381220355816 0.0079481069090025 -0.00467469823628666 -0.63978102073413 -0.607971599340832 -0.762820240449202 -0.0967092754729682 -0.0423181079782632 -0.0548303497968374 -0.731348533131935 -0.786062320321895 -0.739932395222129
8 "WALKING_UPSTAIRS" 0.0789381220355816 0.0079481069090025 -0.00467469823628666 -0.63978102073413 -0.607971599340832 -0.762820240449202 -0.0967092754729682 -0.0423181079782632 -0.0548303497968374 -0.731348533131935 -0.786062320321895 -0.739932395222129
27 "WALKING_UPSTAIRS" 0.0789381220355816 0.0079481069090025 -0.00467469823628666 -0.63978102073413 -0.607971599340832 -0.762820240449202 -0.0967092754729682 -0.0423181079782632 -0.0548303497968374 -0.731348533131935 -0.786062320321895 -0.739932395222129
14 "WALKING_UPSTAIRS" 0.0789381220355816 0.0079481069090025 -0.00467469823628666 -0.63978102073413 -0.607971599340832 -0.762820240449202 -0.0967092754729682 -0.0423181079782632 -0.0548303497968374 -0.731348533131935 -0.786062320321895 -0.739932395222129
16 "WALKING_UPSTAIRS" 0.0789381220355816 0.0079481069090025 -0.00467469823628666 -0.63978102073413 -0.607971599340832 -0.762820240449202 -0.0967092754729682 -0.0423181079782632 -0.0548303497968374 -0.731348533131935 -0.786062320321895 -0.739932395222129
28 "WALKING_UPSTAIRS" 0.0789381220355816 0.0079481069090025 -0.00467469823628666 -0.63978102073413 -0.607971599340832 -0.762820240449202 -0.0967092754729682 -0.0423181079782632 -0.0548303497968374 -0.731348533131935 -0.786062320321895 -0.739932395222129
24 "WALKING_UPSTAIRS" 0.0789381220355816 0.0079481069090025 -0.00467469823628666 -0.63978102073413 -0.607971599340832 -0.762820240449202 -0.0967092754729682 -0.0423181079782632 -0.0548303497968374 -0.731348533131935 -0.786062320321895 -0.739932395222129
17 "WALKING_UPSTAIRS" 0.0789381220355816 0.0079481069090025 -0.00467469823628666 -0.63978102073413 -0.607971599340832 -0.762820240449202 -0.0967092754729682 -0.0423181079782632 -0.0548303497968374 -0.731348533131935 -0.786062320321895 -0.739932395222129
29 "WALKING_UPSTAIRS" 0.0789381220355816 0.0079481069090025 -0.00467469823628666 -0.63978102073413 -0.607971599340832 -0.762820240449202 -0.0967092754729682 -0.0423181079782632 -0.0548303497968374 -0.731348533131935 -0.786062320321895 -0.739932395222129
10 "WALKING_UPSTAIRS" 0.0789381220355816 0.0079481069090025 -0.00467469823628666 -0.63978102073413 -0.607971599340832 -0.762820240449202 -0.0967092754729682 -0.0423181079782632 -0.0548303497968374 -0.731348533131935 -0.786062320321895 -0.739932395222129
19 "WALKING_UPSTAIRS" 0.0789381220355816 0.0079481069090025 -0.00467469823628666 -0.63978102073413 -0.607971599340832 -0.762820240449202 -0.0967092754729682 -0.0423181079782632 -0.0548303497968374 -0.731348533131935 -0.786062320321895 -0.739932395222129
30 "WALKING_UPSTAIRS" 0.0789381220355816 0.0079481069090025 -0.00467469823628666 -0.63978102073413 -0.607971599340832 -0.762820240449202 -0.0967092754729682 -0.0423181079782632 -0.0548303497968374 -0.731348533131935 -0.786062320321895 -0.739932395222129
3 "WALKING_DOWNSTAIRS" 0.0789381220355816 0.0079481069090025 -0.00467469823628666 -0.63978102073413 -0.607971599340832 -0.762820240449202 -0.0967092754729682 -0.0423181079782632 -0.0548303497968374 -0.731348533131935 -0.786062320321895 -0.739932395222129
13 "WALKING_DOWNSTAIRS" 0.0789381220355816 0.0079481069090025 -0.00467469823628666 -0.63978102073413 -0.607971599340832 -0.762820240449202 -0.0967092754729682 -0.0423181079782632 -0.0548303497968374 -0.731348533131935 -0.786062320321895 -0.739932395222129
7 "WALKING_DOWNSTAIRS" 0.0789381220355816 0.0079481069090025 -0.00467469823628666 -0.63978102073413 -0.607971599340832 -0.762820240449202 -0.0967092754729682 -0.0423181079782632 -0.0548303497968374 -0.731348533131935 -0.786062320321895 -0.739932395222129
14 "WALKING_DOWNSTAIRS" 0.0789381220355816 0.0079481069090025 -0.00467469823628666 -0.63978102073413 -0.607971599340832 -0.762820240449202 -0.0967092754729682 -0.0423181079782632 -0.0548303497968374 -0.731348533131935 -0.786062320321895 -0.739932395222129
20 "WALKING_DOWNSTAIRS" 0.0789381220355816 0.0079481069090025 -0.00467469823628666 -0.63978102073413 -0.607971599340832 -0.762820240449202 -0.0967092754729682 -0.0423181079782632 -0.0548303497968374 -0.731348533131935 -0.786062320321895 -0.739932395222129
18 "WALKING_DOWNSTAIRS" 0.0789381220355816 0.0079481069090025 -0.00467469823628666 -0.63978102073413 -0.607971599340832 -0.762820240449202 -0.0967092754729682 -0.0423181079782632 -0.0548303497968374 -0.731348533131935 -0.786062320321895 -0.739932395222129
9 "WALKING_DOWNSTAIRS" 0.0789381220355816 0.0079481069090025 -0.00467469823628666 -0.63978102073413 -0.607971599340832 -0.762820240449202 -0.0967092754729682 -0.0423181079782632 -0.0548303497968374 -0.731348533131935 -0.786062320321895 -0.739932395222129
11 "WALKING_DOWNSTAIRS" 0.0789381220355816 0.0079481069090025 -0.00467469823628666 -0.63978102073413 -0.607971599340832 -0.762820240449202 -0.0967092754729682 -0.0423181079782632 -0.0548303497968374 -0.731348533131935 -0.786062320321895 -0.739932395222129
24 "WALKING_DOWNSTAIRS" 0.0789381220355816 0.0079481069090025 -0.00467469823628666 -0.63978102073413 -0.607971599340832 -0.762820240449202 -0.0967092754729682 -0.0423181079782632 -0.0548303497968374 -0.731348533131935 -0.786062320321895 -0.739932395222129
22 "WALKING_DOWNSTAIRS" 0.0789381220355816 0.0079481069090025 -0.00467469823628666 -0.63978102073413 -0.607971599340832 -0.762820240449202 -0.0967092754729682 -0.0423181079782632 -0.0548303497968374 -0.731348533131935 -0.786062320321895 -0.739932395222129
19 "WALKING_DOWNSTAIRS" 0.0789381220355816 0.0079481069090025 -0.00467469823628666 -0.63978102073413 -0.607971599340832 -0.762820240449202 -0.0967092754729682 -0.0423181079782632 -0.0548303497968374 -0.731348533131935 -0.786062320321895 -0.739932395222129
6 "WALKING_DOWNSTAIRS" 0.0789381220355816 0.0079481069090025 -0.00467469823628666 -0.63978102073413 -0.607971599340832 -0.762820240449202 -0.0967092754729682 -0.0423181079782632 -0.0548303497968374 -0.731348533131935 -0.786062320321895 -0.739932395222129
15 "WALKING_DOWNSTAIRS" 0.0789381220355816 0.0079481069090025 -0.00467469823628666 -0.63978102073413 -0.607971599340832 -0.762820240449202 -0.0967092754729682 -0.0423181079782632 -0.0548303497968374 -0.731348533131935 -0.786062320321895 -0.739932395222129
17 "WALKING_DOWNSTAIRS" 0.0789381220355816 0.0079481069090025 -0.00467469823628666 -0.63978102073413 -0.607971599340832 -0.762820240449202 -0.0967092754729682 -0.0423181079782632 -0.0548303497968374 -0.731348533131935 -0.786062320321895 -0.739932395222129
1 "WALKING_DOWNSTAIRS" 0.0789381220355816 0.0079481069090025 -0.00467469823628666 -0.63978102073413 -0.607971599340832 -0.762820240449202 -0.0967092754729682 -0.0423181079782632 -0.0548303497968374 -0.731348533131935 -0.786062320321895 -0.739932395222129
21 "WALKING_DOWNSTAIRS" 0.0789381220355816 0.0079481069090025 -0.00467469823628666 -0.63978102073413 -0.607971599340832 -0.762820240449202 -0.0967092754729682 -0.0423181079782632 -0.0548303497968374 -0.731348533131935 -0.786062320321895 -0.739932395222129
23 "WALKING_DOWNSTAIRS" 0.0789381220355816 0.0079481069090025 -0.00467469823628666 -0.63978102073413 -0.607971599340832 -0.762820240449202 -0.0967092754729682 -0.0423181079782632 -0.0548303497968374 -0.731348533131935 -0.786062320321895 -0.739932395222129
25 "WALKING_DOWNSTAIRS" 0.0789381220355816 0.0079481069090025 -0.00467469823628666 -0.63978102073413 -0.607971599340832 -0.762820240449202 -0.0967092754729682 -0.0423181079782632 -0.0548303497968374 -0.731348533131935 -0.786062320321895 -0.739932395222129
4 "WALKING_DOWNSTAIRS" 0.0789381220355816 0.0079481069090025 -0.00467469823628666 -0.63978102073413 -0.607971599340832 -0.762820240449202 -0.0967092754729682 -0.0423181079782632 -0.0548303497968374 -0.731348533131935 -0.786062320321895 -0.739932395222129
26 "WALKING_DOWNSTAIRS" 0.0789381220355816 0.0079481069090025 -0.00467469823628666 -0.63978102073413 -0.607971599340832 -0.762820240449202 -0.0967092754729682 -0.0423181079782632 -0.0548303497968374 -0.731348533131935 -0.786062320321895 -0.739932395222129
5 "WALKING_DOWNSTAIRS" 0.0789381220355816 0.0079481069090025 -0.00467469823628666 -0.63978102073413 -0.607971599340832 -0.762820240449202 -0.0967092754729682 -0.0423181079782632 -0.0548303497968374 -0.731348533131935 -0.786062320321895 -0.739932395222129
8 "WALKING_DOWNSTAIRS" 0.0789381220355816 0.0079481069090025 -0.00467469823628666 -0.63978102073413 -0.607971599340832 -0.762820240449202 -0.0967092754729682 -0.0423181079782632 -0.0548303497968374 -0.731348533131935 -0.786062320321895 -0.739932395222129
29 "WALKING_DOWNSTAIRS" 0.0789381220355816 0.0079481069090025 -0.00467469823628666 -0.63978102073413 -0.607971599340832 -0.762820240449202 -0.0967092754729682 -0.0423181079782632 -0.0548303497968374 -0.731348533131935 -0.786062320321895 -0.739932395222129
27 "WALKING_DOWNSTAIRS" 0.0789381220355816 0.0079481069090025 -0.00467469823628666 -0.63978102073413 -0.607971599340832 -0.762820240449202 -0.0967092754729682 -0.0423181079782632 -0.0548303497968374 -0.731348533131935 -0.786062320321895 -0.739932395222129
10 "WALKING_DOWNSTAIRS" 0.0789381220355816 0.0079481069090025 -0.00467469823628666 -0.63978102073413 -0.607971599340832 -0.762820240449202 -0.0967092754729682 -0.0423181079782632 -0.0548303497968374 -0.731348533131935 -0.786062320321895 -0.739932395222129
16 "WALKING_DOWNSTAIRS" 0.0789381220355816 0.0079481069090025 -0.00467469823628666 -0.63978102073413 -0.607971599340832 -0.762820240449202 -0.0967092754729682 -0.0423181079782632 -0.0548303497968374 -0.731348533131935 -0.786062320321895 -0.739932395222129
12 "WALKING_DOWNSTAIRS" 0.0789381220355816 0.0079481069090025 -0.00467469823628666 -0.63978102073413 -0.607971599340832 -0.762820240449202 -0.0967092754729682 -0.0423181079782632 -0.0548303497968374 -0.731348533131935 -0.786062320321895 -0.739932395222129
28 "WALKING_DOWNSTAIRS" 0.0789381220355816 0.0079481069090025 -0.00467469823628666 -0.63978102073413 -0.607971599340832 -0.762820240449202 -0.0967092754729682 -0.0423181079782632 -0.0548303497968374 -0.731348533131935 -0.786062320321895 -0.739932395222129
30 "WALKING_DOWNSTAIRS" 0.0789381220355816 0.0079481069090025 -0.00467469823628666 -0.63978102073413 -0.607971599340832 -0.762820240449202 -0.0967092754729682 -0.0423181079782632 -0.0548303497968374 -0.731348533131935 -0.786062320321895 -0.739932395222129
2 "WALKING_DOWNSTAIRS" 0.0789381220355816 0.0079481069090025 -0.00467469823628666 -0.63978102073413 -0.607971599340832 -0.762820240449202 -0.0967092754729682 -0.0423181079782632 -0.0548303497968374 -0.731348533131935 -0.786062320321895 -0.739932395222129
3 "SITTING" 0.0789381220355816 0.0079481069090025 -0.00467469823628666 -0.63978102073413 -0.607971599340832 -0.762820240449202 -0.0967092754729682 -0.0423181079782632 -0.0548303497968374 -0.731348533131935 -0.786062320321895 -0.739932395222129
29 "SITTING" 0.0789381220355816 0.0079481069090025 -0.00467469823628666 -0.63978102073413 -0.607971599340832 -0.762820240449202 -0.0967092754729682 -0.0423181079782632 -0.0548303497968374 -0.731348533131935 -0.786062320321895 -0.739932395222129
4 "SITTING" 0.0789381220355816 0.0079481069090025 -0.00467469823628666 -0.63978102073413 -0.607971599340832 -0.762820240449202 -0.0967092754729682 -0.0423181079782632 -0.0548303497968374 -0.731348533131935 -0.786062320321895 -0.739932395222129
10 "SITTING" 0.0789381220355816 0.0079481069090025 -0.00467469823628666 -0.63978102073413 -0.607971599340832 -0.762820240449202 -0.0967092754729682 -0.0423181079782632 -0.0548303497968374 -0.731348533131935 -0.786062320321895 -0.739932395222129
7 "SITTING" 0.0789381220355816 0.0079481069090025 -0.00467469823628666 -0.63978102073413 -0.607971599340832 -0.762820240449202 -0.0967092754729682 -0.0423181079782632 -0.0548303497968374 -0.731348533131935 -0.786062320321895 -0.739932395222129
12 "SITTING" 0.0789381220355816 0.0079481069090025 -0.00467469823628666 -0.63978102073413 -0.607971599340832 -0.762820240449202 -0.0967092754729682 -0.0423181079782632 -0.0548303497968374 -0.731348533131935 -0.786062320321895 -0.739932395222129
28 "SITTING" 0.0789381220355816 0.0079481069090025 -0.00467469823628666 -0.63978102073413 -0.607971599340832 -0.762820240449202 -0.0967092754729682 -0.0423181079782632 -0.0548303497968374 -0.731348533131935 -0.786062320321895 -0.739932395222129
6 "SITTING" 0.0789381220355816 0.0079481069090025 -0.00467469823628666 -0.63978102073413 -0.607971599340832 -0.762820240449202 -0.0967092754729682 -0.0423181079782632 -0.0548303497968374 -0.731348533131935 -0.786062320321895 -0.739932395222129
21 "SITTING" 0.0789381220355816 0.0079481069090025 -0.00467469823628666 -0.63978102073413 -0.607971599340832 -0.762820240449202 -0.0967092754729682 -0.0423181079782632 -0.0548303497968374 -0.731348533131935 -0.786062320321895 -0.739932395222129
25 "SITTING" 0.0789381220355816 0.0079481069090025 -0.00467469823628666 -0.63978102073413 -0.607971599340832 -0.762820240449202 -0.0967092754729682 -0.0423181079782632 -0.0548303497968374 -0.731348533131935 -0.786062320321895 -0.739932395222129
30 "SITTING" 0.0789381220355816 0.0079481069090025 -0.00467469823628666 -0.63978102073413 -0.607971599340832 -0.762820240449202 -0.0967092754729682 -0.0423181079782632 -0.0548303497968374 -0.731348533131935 -0.786062320321895 -0.739932395222129
9 "SITTING" 0.0789381220355816 0.0079481069090025 -0.00467469823628666 -0.63978102073413 -0.607971599340832 -0.762820240449202 -0.0967092754729682 -0.0423181079782632 -0.0548303497968374 -0.731348533131935 -0.786062320321895 -0.739932395222129
11 "SITTING" 0.0789381220355816 0.0079481069090025 -0.00467469823628666 -0.63978102073413 -0.607971599340832 -0.762820240449202 -0.0967092754729682 -0.0423181079782632 -0.0548303497968374 -0.731348533131935 -0.786062320321895 -0.739932395222129
5 "SITTING" 0.0789381220355816 0.0079481069090025 -0.00467469823628666 -0.63978102073413 -0.607971599340832 -0.762820240449202 -0.0967092754729682 -0.0423181079782632 -0.0548303497968374 -0.731348533131935 -0.786062320321895 -0.739932395222129
27 "SITTING" 0.0789381220355816 0.0079481069090025 -0.00467469823628666 -0.63978102073413 -0.607971599340832 -0.762820240449202 -0.0967092754729682 -0.0423181079782632 -0.0548303497968374 -0.731348533131935 -0.786062320321895 -0.739932395222129
13 "SITTING" 0.0789381220355816 0.0079481069090025 -0.00467469823628666 -0.63978102073413 -0.607971599340832 -0.762820240449202 -0.0967092754729682 -0.0423181079782632 -0.0548303497968374 -0.731348533131935 -0.786062320321895 -0.739932395222129
19 "SITTING" 0.0789381220355816 0.0079481069090025 -0.00467469823628666 -0.63978102073413 -0.607971599340832 -0.762820240449202 -0.0967092754729682 -0.0423181079782632 -0.0548303497968374 -0.731348533131935 -0.786062320321895 -0.739932395222129
20 "SITTING" 0.0789381220355816 0.0079481069090025 -0.00467469823628666 -0.63978102073413 -0.607971599340832 -0.762820240449202 -0.0967092754729682 -0.0423181079782632 -0.0548303497968374 -0.731348533131935 -0.786062320321895 -0.739932395222129
26 "SITTING" 0.0789381220355816 0.0079481069090025 -0.00467469823628666 -0.63978102073413 -0.607971599340832 -0.762820240449202 -0.0967092754729682 -0.0423181079782632 -0.0548303497968374 -0.731348533131935 -0.786062320321895 -0.739932395222129
14 "SITTING" 0.0789381220355816 0.0079481069090025 -0.00467469823628666 -0.63978102073413 -0.607971599340832 -0.762820240449202 -0.0967092754729682 -0.0423181079782632 -0.0548303497968374 -0.731348533131935 -0.786062320321895 -0.739932395222129
24 "SITTING" 0.0789381220355816 0.0079481069090025 -0.00467469823628666 -0.63978102073413 -0.607971599340832 -0.762820240449202 -0.0967092754729682 -0.0423181079782632 -0.0548303497968374 -0.731348533131935 -0.786062320321895 -0.739932395222129
2 "SITTING" 0.0789381220355816 0.0079481069090025 -0.00467469823628666 -0.63978102073413 -0.607971599340832 -0.762820240449202 -0.0967092754729682 -0.0423181079782632 -0.0548303497968374 -0.731348533131935 -0.786062320321895 -0.739932395222129
22 "SITTING" 0.0789381220355816 0.0079481069090025 -0.00467469823628666 -0.63978102073413 -0.607971599340832 -0.762820240449202 -0.0967092754729682 -0.0423181079782632 -0.0548303497968374 -0.731348533131935 -0.786062320321895 -0.739932395222129
8 "SITTING" 0.0789381220355816 0.0079481069090025 -0.00467469823628666 -0.63978102073413 -0.607971599340832 -0.762820240449202 -0.0967092754729682 -0.0423181079782632 -0.0548303497968374 -0.731348533131935 -0.786062320321895 -0.739932395222129
1 "SITTING" 0.0789381220355816 0.0079481069090025 -0.00467469823628666 -0.63978102073413 -0.607971599340832 -0.762820240449202 -0.0967092754729682 -0.0423181079782632 -0.0548303497968374 -0.731348533131935 -0.786062320321895 -0.739932395222129
23 "SITTING" 0.0789381220355816 0.0079481069090025 -0.00467469823628666 -0.63978102073413 -0.607971599340832 -0.762820240449202 -0.0967092754729682 -0.0423181079782632 -0.0548303497968374 -0.731348533131935 -0.786062320321895 -0.739932395222129
18 "SITTING" 0.0789381220355816 0.0079481069090025 -0.00467469823628666 -0.63978102073413 -0.607971599340832 -0.762820240449202 -0.0967092754729682 -0.0423181079782632 -0.0548303497968374 -0.731348533131935 -0.786062320321895 -0.739932395222129
16 "SITTING" 0.0789381220355816 0.0079481069090025 -0.00467469823628666 -0.63978102073413 -0.607971599340832 -0.762820240449202 -0.0967092754729682 -0.0423181079782632 -0.0548303497968374 -0.731348533131935 -0.786062320321895 -0.739932395222129
17 "SITTING" 0.0789381220355816 0.0079481069090025 -0.00467469823628666 -0.63978102073413 -0.607971599340832 -0.762820240449202 -0.0967092754729682 -0.0423181079782632 -0.0548303497968374 -0.731348533131935 -0.786062320321895 -0.739932395222129
15 "SITTING" 0.0789381220355816 0.0079481069090025 -0.00467469823628666 -0.63978102073413 -0.607971599340832 -0.762820240449202 -0.0967092754729682 -0.0423181079782632 -0.0548303497968374 -0.731348533131935 -0.786062320321895 -0.739932395222129
2 "STANDING" 0.0789381220355816 0.0079481069090025 -0.00467469823628666 -0.63978102073413 -0.607971599340832 -0.762820240449202 -0.0967092754729682 -0.0423181079782632 -0.0548303497968374 -0.731348533131935 -0.786062320321895 -0.739932395222129
3 "STANDING" 0.0789381220355816 0.0079481069090025 -0.00467469823628666 -0.63978102073413 -0.607971599340832 -0.762820240449202 -0.0967092754729682 -0.0423181079782632 -0.0548303497968374 -0.731348533131935 -0.786062320321895 -0.739932395222129
20 "STANDING" 0.0789381220355816 0.0079481069090025 -0.00467469823628666 -0.63978102073413 -0.607971599340832 -0.762820240449202 -0.0967092754729682 -0.0423181079782632 -0.0548303497968374 -0.731348533131935 -0.786062320321895 -0.739932395222129
7 "STANDING" 0.0789381220355816 0.0079481069090025 -0.00467469823628666 -0.63978102073413 -0.607971599340832 -0.762820240449202 -0.0967092754729682 -0.0423181079782632 -0.0548303497968374 -0.731348533131935 -0.786062320321895 -0.739932395222129
27 "STANDING" 0.0789381220355816 0.0079481069090025 -0.00467469823628666 -0.63978102073413 -0.607971599340832 -0.762820240449202 -0.0967092754729682 -0.0423181079782632 -0.0548303497968374 -0.731348533131935 -0.786062320321895 -0.739932395222129
30 "STANDING" 0.0789381220355816 0.0079481069090025 -0.00467469823628666 -0.63978102073413 -0.607971599340832 -0.762820240449202 -0.0967092754729682 -0.0423181079782632 -0.0548303497968374 -0.731348533131935 -0.786062320321895 -0.739932395222129
4 "STANDING" 0.0789381220355816 0.0079481069090025 -0.00467469823628666 -0.63978102073413 -0.607971599340832 -0.762820240449202 -0.0967092754729682 -0.0423181079782632 -0.0548303497968374 -0.731348533131935 -0.786062320321895 -0.739932395222129
12 "STANDING" 0.0789381220355816 0.0079481069090025 -0.00467469823628666 -0.63978102073413 -0.607971599340832 -0.762820240449202 -0.0967092754729682 -0.0423181079782632 -0.0548303497968374 -0.731348533131935 -0.786062320321895 -0.739932395222129
5 "STANDING" 0.0789381220355816 0.0079481069090025 -0.00467469823628666 -0.63978102073413 -0.607971599340832 -0.762820240449202 -0.0967092754729682 -0.0423181079782632 -0.0548303497968374 -0.731348533131935 -0.786062320321895 -0.739932395222129
19 "STANDING" 0.0789381220355816 0.0079481069090025 -0.00467469823628666 -0.63978102073413 -0.607971599340832 -0.762820240449202 -0.0967092754729682 -0.0423181079782632 -0.0548303497968374 -0.731348533131935 -0.786062320321895 -0.739932395222129
21 "STANDING" 0.0789381220355816 0.0079481069090025 -0.00467469823628666 -0.63978102073413 -0.607971599340832 -0.762820240449202 -0.0967092754729682 -0.0423181079782632 -0.0548303497968374 -0.731348533131935 -0.786062320321895 -0.739932395222129
13 "STANDING" 0.0789381220355816 0.0079481069090025 -0.00467469823628666 -0.63978102073413 -0.607971599340832 -0.762820240449202 -0.0967092754729682 -0.0423181079782632 -0.0548303497968374 -0.731348533131935 -0.786062320321895 -0.739932395222129
10 "STANDING" 0.0789381220355816 0.0079481069090025 -0.00467469823628666 -0.63978102073413 -0.607971599340832 -0.762820240449202 -0.0967092754729682 -0.0423181079782632 -0.0548303497968374 -0.731348533131935 -0.786062320321895 -0.739932395222129
8 "STANDING" 0.0789381220355816 0.0079481069090025 -0.00467469823628666 -0.63978102073413 -0.607971599340832 -0.762820240449202 -0.0967092754729682 -0.0423181079782632 -0.0548303497968374 -0.731348533131935 -0.786062320321895 -0.739932395222129
11 "STANDING" 0.0789381220355816 0.0079481069090025 -0.00467469823628666 -0.63978102073413 -0.607971599340832 -0.762820240449202 -0.0967092754729682 -0.0423181079782632 -0.0548303497968374 -0.731348533131935 -0.786062320321895 -0.739932395222129
9 "STANDING" 0.0789381220355816 0.0079481069090025 -0.00467469823628666 -0.63978102073413 -0.607971599340832 -0.762820240449202 -0.0967092754729682 -0.0423181079782632 -0.0548303497968374 -0.731348533131935 -0.786062320321895 -0.739932395222129
24 "STANDING" 0.0789381220355816 0.0079481069090025 -0.00467469823628666 -0.63978102073413 -0.607971599340832 -0.762820240449202 -0.0967092754729682 -0.0423181079782632 -0.0548303497968374 -0.731348533131935 -0.786062320321895 -0.739932395222129
22 "STANDING" 0.0789381220355816 0.0079481069090025 -0.00467469823628666 -0.63978102073413 -0.607971599340832 -0.762820240449202 -0.0967092754729682 -0.0423181079782632 -0.0548303497968374 -0.731348533131935 -0.786062320321895 -0.739932395222129
18 "STANDING" 0.0789381220355816 0.0079481069090025 -0.00467469823628666 -0.63978102073413 -0.607971599340832 -0.762820240449202 -0.0967092754729682 -0.0423181079782632 -0.0548303497968374 -0.731348533131935 -0.786062320321895 -0.739932395222129
28 "STANDING" 0.0789381220355816 0.0079481069090025 -0.00467469823628666 -0.63978102073413 -0.607971599340832 -0.762820240449202 -0.0967092754729682 -0.0423181079782632 -0.0548303497968374 -0.731348533131935 -0.786062320321895 -0.739932395222129
6 "STANDING" 0.0789381220355816 0.0079481069090025 -0.00467469823628666 -0.63978102073413 -0.607971599340832 -0.762820240449202 -0.0967092754729682 -0.0423181079782632 -0.0548303497968374 -0.731348533131935 -0.786062320321895 -0.739932395222129
17 "STANDING" 0.0789381220355816 0.0079481069090025 -0.00467469823628666 -0.63978102073413 -0.607971599340832 -0.762820240449202 -0.0967092754729682 -0.0423181079782632 -0.0548303497968374 -0.731348533131935 -0.786062320321895 -0.739932395222129
16 "STANDING" 0.0789381220355816 0.0079481069090025 -0.00467469823628666 -0.63978102073413 -0.607971599340832 -0.762820240449202 -0.0967092754729682 -0.0423181079782632 -0.0548303497968374 -0.731348533131935 -0.786062320321895 -0.739932395222129
14 "STANDING" 0.0789381220355816 0.0079481069090025 -0.00467469823628666 -0.63978102073413 -0.607971599340832 -0.762820240449202 -0.0967092754729682 -0.0423181079782632 -0.0548303497968374 -0.731348533131935 -0.786062320321895 -0.739932395222129
23 "STANDING" 0.0789381220355816 0.0079481069090025 -0.00467469823628666 -0.63978102073413 -0.607971599340832 -0.762820240449202 -0.0967092754729682 -0.0423181079782632 -0.0548303497968374 -0.731348533131935 -0.786062320321895 -0.739932395222129
15 "STANDING" 0.0789381220355816 0.0079481069090025 -0.00467469823628666 -0.63978102073413 -0.607971599340832 -0.762820240449202 -0.0967092754729682 -0.0423181079782632 -0.0548303497968374 -0.731348533131935 -0.786062320321895 -0.739932395222129
29 "STANDING" 0.0789381220355816 0.0079481069090025 -0.00467469823628666 -0.63978102073413 -0.607971599340832 -0.762820240449202 -0.0967092754729682 -0.0423181079782632 -0.0548303497968374 -0.731348533131935 -0.786062320321895 -0.739932395222129
26 "STANDING" 0.0789381220355816 0.0079481069090025 -0.00467469823628666 -0.63978102073413 -0.607971599340832 -0.762820240449202 -0.0967092754729682 -0.0423181079782632 -0.0548303497968374 -0.731348533131935 -0.786062320321895 -0.739932395222129
25 "STANDING" 0.0789381220355816 0.0079481069090025 -0.00467469823628666 -0.63978102073413 -0.607971599340832 -0.762820240449202 -0.0967092754729682 -0.0423181079782632 -0.0548303497968374 -0.731348533131935 -0.786062320321895 -0.739932395222129
1 "STANDING" 0.0789381220355816 0.0079481069090025 -0.00467469823628666 -0.63978102073413 -0.607971599340832 -0.762820240449202 -0.0967092754729682 -0.0423181079782632 -0.0548303497968374 -0.731348533131935 -0.786062320321895 -0.739932395222129
30 "LAYING" 0.0789381220355816 0.0079481069090025 -0.00467469823628666 -0.63978102073413 -0.607971599340832 -0.762820240449202 -0.0967092754729682 -0.0423181079782632 -0.0548303497968374 -0.731348533131935 -0.786062320321895 -0.739932395222129
27 "LAYING" 0.0789381220355816 0.0079481069090025 -0.00467469823628666 -0.63978102073413 -0.607971599340832 -0.762820240449202 -0.0967092754729682 -0.0423181079782632 -0.0548303497968374 -0.731348533131935 -0.786062320321895 -0.739932395222129
14 "LAYING" 0.0789381220355816 0.0079481069090025 -0.00467469823628666 -0.63978102073413 -0.607971599340832 -0.762820240449202 -0.0967092754729682 -0.0423181079782632 -0.0548303497968374 -0.731348533131935 -0.786062320321895 -0.739932395222129
28 "LAYING" 0.0789381220355816 0.0079481069090025 -0.00467469823628666 -0.63978102073413 -0.607971599340832 -0.762820240449202 -0.0967092754729682 -0.0423181079782632 -0.0548303497968374 -0.731348533131935 -0.786062320321895 -0.739932395222129
6 "LAYING" 0.0789381220355816 0.0079481069090025 -0.00467469823628666 -0.63978102073413 -0.607971599340832 -0.762820240449202 -0.0967092754729682 -0.0423181079782632 -0.0548303497968374 -0.731348533131935 -0.786062320321895 -0.739932395222129
13 "LAYING" 0.0789381220355816 0.0079481069090025 -0.00467469823628666 -0.63978102073413 -0.607971599340832 -0.762820240449202 -0.0967092754729682 -0.0423181079782632 -0.0548303497968374 -0.731348533131935 -0.786062320321895 -0.739932395222129
26 "LAYING" 0.0789381220355816 0.0079481069090025 -0.00467469823628666 -0.63978102073413 -0.607971599340832 -0.762820240449202 -0.0967092754729682 -0.0423181079782632 -0.0548303497968374 -0.731348533131935 -0.786062320321895 -0.739932395222129
29 "LAYING" 0.0789381220355816 0.0079481069090025 -0.00467469823628666 -0.63978102073413 -0.607971599340832 -0.762820240449202 -0.0967092754729682 -0.0423181079782632 -0.0548303497968374 -0.731348533131935 -0.786062320321895 -0.739932395222129
20 "LAYING" 0.0789381220355816 0.0079481069090025 -0.00467469823628666 -0.63978102073413 -0.607971599340832 -0.762820240449202 -0.0967092754729682 -0.0423181079782632 -0.0548303497968374 -0.731348533131935 -0.786062320321895 -0.739932395222129
12 "LAYING" 0.0789381220355816 0.0079481069090025 -0.00467469823628666 -0.63978102073413 -0.607971599340832 -0.762820240449202 -0.0967092754729682 -0.0423181079782632 -0.0548303497968374 -0.731348533131935 -0.786062320321895 -0.739932395222129
11 "LAYING" 0.0789381220355816 0.0079481069090025 -0.00467469823628666 -0.63978102073413 -0.607971599340832 -0.762820240449202 -0.0967092754729682 -0.0423181079782632 -0.0548303497968374 -0.731348533131935 -0.786062320321895 -0.739932395222129
3 "LAYING" 0.0789381220355816 0.0079481069090025 -0.00467469823628666 -0.63978102073413 -0.607971599340832 -0.762820240449202 -0.0967092754729682 -0.0423181079782632 -0.0548303497968374 -0.731348533131935 -0.786062320321895 -0.739932395222129
7 "LAYING" 0.0789381220355816 0.0079481069090025 -0.00467469823628666 -0.63978102073413 -0.607971599340832 -0.762820240449202 -0.0967092754729682 -0.0423181079782632 -0.0548303497968374 -0.731348533131935 -0.786062320321895 -0.739932395222129
10 "LAYING" 0.0789381220355816 0.0079481069090025 -0.00467469823628666 -0.63978102073413 -0.607971599340832 -0.762820240449202 -0.0967092754729682 -0.0423181079782632 -0.0548303497968374 -0.731348533131935 -0.786062320321895 -0.739932395222129
8 "LAYING" 0.0789381220355816 0.0079481069090025 -0.00467469823628666 -0.63978102073413 -0.607971599340832 -0.762820240449202 -0.0967092754729682 -0.0423181079782632 -0.0548303497968374 -0.731348533131935 -0.786062320321895 -0.739932395222129
21 "LAYING" 0.0789381220355816 0.0079481069090025 -0.00467469823628666 -0.63978102073413 -0.607971599340832 -0.762820240449202 -0.0967092754729682 -0.0423181079782632 -0.0548303497968374 -0.731348533131935 -0.786062320321895 -0.739932395222129
4 "LAYING" 0.0789381220355816 0.0079481069090025 -0.00467469823628666 -0.63978102073413 -0.607971599340832 -0.762820240449202 -0.0967092754729682 -0.0423181079782632 -0.0548303497968374 -0.731348533131935 -0.786062320321895 -0.739932395222129
18 "LAYING" 0.0789381220355816 0.0079481069090025 -0.00467469823628666 -0.63978102073413 -0.607971599340832 -0.762820240449202 -0.0967092754729682 -0.0423181079782632 -0.0548303497968374 -0.731348533131935 -0.786062320321895 -0.739932395222129
5 "LAYING" 0.0789381220355816 0.0079481069090025 -0.00467469823628666 -0.63978102073413 -0.607971599340832 -0.762820240449202 -0.0967092754729682 -0.0423181079782632 -0.0548303497968374 -0.731348533131935 -0.786062320321895 -0.739932395222129
22 "LAYING" 0.0789381220355816 0.0079481069090025 -0.00467469823628666 -0.63978102073413 -0.607971599340832 -0.762820240449202 -0.0967092754729682 -0.0423181079782632 -0.0548303497968374 -0.731348533131935 -0.786062320321895 -0.739932395222129
9 "LAYING" 0.0789381220355816 0.0079481069090025 -0.00467469823628666 -0.63978102073413 -0.607971599340832 -0.762820240449202 -0.0967092754729682 -0.0423181079782632 -0.0548303497968374 -0.731348533131935 -0.786062320321895 -0.739932395222129
25 "LAYING" 0.0789381220355816 0.0079481069090025 -0.00467469823628666 -0.63978102073413 -0.607971599340832 -0.762820240449202 -0.0967092754729682 -0.0423181079782632 -0.0548303497968374 -0.731348533131935 -0.786062320321895 -0.739932395222129
19 "LAYING" 0.0789381220355816 0.0079481069090025 -0.00467469823628666 -0.63978102073413 -0.607971599340832 -0.762820240449202 -0.0967092754729682 -0.0423181079782632 -0.0548303497968374 -0.731348533131935 -0.786062320321895 -0.739932395222129
23 "LAYING" 0.0789381220355816 0.0079481069090025 -0.00467469823628666 -0.63978102073413 -0.607971599340832 -0.762820240449202 -0.0967092754729682 -0.0423181079782632 -0.0548303497968374 -0.731348533131935 -0.786062320321895 -0.739932395222129
24 "LAYING" 0.0789381220355816 0.0079481069090025 -0.00467469823628666 -0.63978102073413 -0.607971599340832 -0.762820240449202 -0.0967092754729682 -0.0423181079782632 -0.0548303497968374 -0.731348533131935 -0.786062320321895 -0.739932395222129
16 "LAYING" 0.0789381220355816 0.0079481069090025 -0.00467469823628666 -0.63978102073413 -0.607971599340832 -0.762820240449202 -0.0967092754729682 -0.0423181079782632 -0.0548303497968374 -0.731348533131935 -0.786062320321895 -0.739932395222129
1 "LAYING" 0.0789381220355816 0.0079481069090025 -0.00467469823628666 -0.63978102073413 -0.607971599340832 -0.762820240449202 -0.0967092754729682 -0.0423181079782632 -0.0548303497968374 -0.731348533131935 -0.786062320321895 -0.739932395222129
15 "LAYING" 0.0789381220355816 0.0079481069090025 -0.00467469823628666 -0.63978102073413 -0.607971599340832 -0.762820240449202 -0.0967092754729682 -0.0423181079782632 -0.0548303497968374 -0.731348533131935 -0.786062320321895 -0.739932395222129
2 "LAYING" 0.0789381220355816 0.0079481069090025 -0.00467469823628666 -0.63978102073413 -0.607971599340832 -0.762820240449202 -0.0967092754729682 -0.0423181079782632 -0.0548303497968374 -0.731348533131935 -0.786062320321895 -0.739932395222129
17 "LAYING" 0.0789381220355816 0.0079481069090025 -0.00467469823628666 -0.63978102073413 -0.607971599340832 -0.762820240449202 -0.0967092754729682 -0.0423181079782632 -0.0548303497968374 -0.731348533131935 -0.786062320321895 -0.739932395222129
