"subject" "activity" "mean_fast_fourier_transform_bodyaccjerk_minus_mean_minus_x" "mean_fast_fourier_transform_bodyaccjerk_minus_mean_minus_y" "mean_fast_fourier_transform_bodyaccjerk_minus_mean_minus_z" "mean_fast_fourier_transform_bodyaccjerk_minus_std_minus_x" "mean_fast_fourier_transform_bodyaccjerk_minus_std_minus_y" "mean_fast_fourier_transform_bodyaccjerk_minus_std_minus_z" "mean_fast_fourier_transform_bodyaccjerk_minus_mean_freq_minus_x" "mean_fast_fourier_transform_bodyaccjerk_minus_mean_freq_minus_y" "mean_fast_fourier_transform_bodyaccjerk_minus_mean_freq_minus_z"
7 "WALKING" -0.656713524546605 -0.628961179980356 -0.743608246170053 -0.654979816705833 -0.612243590244114 -0.780928428167213 -0.0477062917542324 -0.213392904926883 -0.123828014584147
21 "WALKING" -0.656713524546605 -0.628961179980356 -0.743608246170053 -0.654979816705833 -0.612243590244114 -0.780928428167213 -0.0477062917542324 -0.213392904926883 -0.123828014584147
18 "WALKING" -0.656713524546605 -0.628961179980356 -0.743608246170053 -0.654979816705833 -0.612243590244114 -0.780928428167213 -0.0477062917542324 -0.213392904926883 -0.123828014584147
11 "WALKING" -0.656713524546605 -0.628961179980356 -0.743608246170053 -0.654979816705833 -0.612243590244114 -0.780928428167213 -0.0477062917542324 -0.213392904926883 -0.123828014584147
20 "WALKING" -0.656713524546605 -0.628961179980356 -0.743608246170053 -0.654979816705833 -0.612243590244114 -0.780928428167213 -0.0477062917542324 -0.213392904926883 -0.123828014584147
22 "WALKING" -0.656713524546605 -0.628961179980356 -0.743608246170053 -0.654979816705833 -0.612243590244114 -0.780928428167213 -0.0477062917542324 -0.213392904926883 -0.123828014584147
26 "WALKING" -0.656713524546605 -0.628961179980356 -0.743608246170053 -0.654979816705833 -0.612243590244114 -0.780928428167213 -0.0477062917542324 -0.213392904926883 -0.123828014584147
6 "WALKING" -0.656713524546605 -0.628961179980356 -0.743608246170053 -0.654979816705833 -0.612243590244114 -0.780928428167213 -0.0477062917542324 -0.213392904926883 -0.123828014584147
19 "WALKING" -0.656713524546605 -0.628961179980356 -0.743608246170053 -0.654979816705833 -0.612243590244114 -0.780928428167213 -0.0477062917542324 -0.213392904926883 -0.123828014584147
14 "WALKING" -0.656713524546605 -0.628961179980356 -0.743608246170053 -0.654979816705833 -0.612243590244114 -0.780928428167213 -0.0477062917542324 -0.213392904926883 -0.123828014584147
29 "WALKING" -0.656713524546605 -0.628961179980356 -0.743608246170053 -0.654979816705833 -0.612243590244114 -0.780928428167213 -0.0477062917542324 -0.213392904926883 -0.123828014584147
27 "WALKING" -0.656713524546605 -0.628961179980356 -0.743608246170053 -0.654979816705833 -0.612243590244114 -0.780928428167213 -0.0477062917542324 -0.213392904926883 -0.123828014584147
4 "WALKING" -0.656713524546605 -0.628961179980356 -0.743608246170053 -0.654979816705833 -0.612243590244114 -0.780928428167213 -0.0477062917542324 -0.213392904926883 -0.123828014584147
3 "WALKING" -0.656713524546605 -0.628961179980356 -0.743608246170053 -0.654979816705833 -0.612243590244114 -0.780928428167213 -0.0477062917542324 -0.213392904926883 -0.123828014584147
30 "WALKING" -0.656713524546605 -0.628961179980356 -0.743608246170053 -0.654979816705833 -0.612243590244114 -0.780928428167213 -0.0477062917542324 -0.213392904926883 -0.123828014584147
13 "WALKING" -0.656713524546605 -0.628961179980356 -0.743608246170053 -0.654979816705833 -0.612243590244114 -0.780928428167213 -0.0477062917542324 -0.213392904926883 -0.123828014584147
9 "WALKING" -0.656713524546605 -0.628961179980356 -0.743608246170053 -0.654979816705833 -0.612243590244114 -0.780928428167213 -0.0477062917542324 -0.213392904926883 -0.123828014584147
12 "WALKING" -0.656713524546605 -0.628961179980356 -0.743608246170053 -0.654979816705833 -0.612243590244114 -0.780928428167213 -0.0477062917542324 -0.213392904926883 -0.123828014584147
1 "WALKING" -0.656713524546605 -0.628961179980356 -0.743608246170053 -0.654979816705833 -0.612243590244114 -0.780928428167213 -0.0477062917542324 -0.213392904926883 -0.123828014584147
8 "WALKING" -0.656713524546605 -0.628961179980356 -0.743608246170053 -0.654979816705833 -0.612243590244114 -0.780928428167213 -0.0477062917542324 -0.213392904926883 -0.123828014584147
23 "WALKING" -0.656713524546605 -0.628961179980356 -0.743608246170053 -0.654979816705833 -0.612243590244114 -0.780928428167213 -0.0477062917542324 -0.213392904926883 -0.123828014584147
25 "WALKING" -0.656713524546605 -0.628961179980356 -0.743608246170053 -0.654979816705833 -0.612243590244114 -0.780928428167213 -0.0477062917542324 -0.213392904926883 -0.123828014584147
5 "WALKING" -0.656713524546605 -0.628961179980356 -0.743608246170053 -0.654979816705833 -0.612243590244114 -0.780928428167213 -0.0477062917542324 -0.213392904926883 -0.123828014584147
28 "WALKING" -0.656713524546605 -0.628961179980356 -0.743608246170053 -0.654979816705833 -0.612243590244114 -0.780928428167213 -0.0477062917542324 -0.213392904926883 -0.123828014584147
10 "WALKING" -0.656713524546605 -0.628961179980356 -0.743608246170053 -0.654979816705833 -0.612243590244114 -0.780928428167213 -0.0477062917542324 -0.213392904926883 -0.123828014584147
24 "WALKING" -0.656713524546605 -0.628961179980356 -0.743608246170053 -0.654979816705833 -0.612243590244114 -0.780928428167213 -0.0477062917542324 -0.213392904926883 -0.123828014584147
15 "WALKING" -0.656713524546605 -0.628961179980356 -0.743608246170053 -0.654979816705833 -0.612243590244114 -0.780928428167213 -0.0477062917542324 -0.213392904926883 -0.123828014584147
16 "WALKING" -0.656713524546605 -0.628961179980356 -0.743608246170053 -0.654979816705833 -0.612243590244114 -0.780928428167213 -0.0477062917542324 -0.213392904926883 -0.123828014584147
2 "WALKING" -0.656713524546605 -0.628961179980356 -0.743608246170053 -0.654979816705833 -0.612243590244114 -0.780928428167213 -0.0477062917542324 -0.213392904926883 -0.123828014584147
17 "WALKING" -0.656713524546605 -0.628961179980356 -0.743608246170053 -0.654979816705833 -0.612243590244114 -0.780928428167213 -0.0477062917542324 -0.213392904926883 -0.123828014584147
3 "WALKING_UPSTAIRS" -0.656713524546605 -0.628961179980356 -0.743608246170053 -0.654979816705833 -0.612243590244114 -0.780928428167213 -0.0477062917542324 -0.213392904926883 -0.123828014584147
1 "WALKING_UPSTAIRS" -0.656713524546605 -0.628961179980356 -0.743608246170053 -0.654979816705833 -0.612243590244114 -0.780928428167213 -0.0477062917542324 -0.213392904926883 -0.123828014584147
21 "WALKING_UPSTAIRS" -0.656713524546605 -0.628961179980356 -0.743608246170053 -0.654979816705833 -0.612243590244114 -0.780928428167213 -0.0477062917542324 -0.213392904926883 -0.123828014584147
23 "WALKING_UPSTAIRS" -0.656713524546605 -0.628961179980356 -0.743608246170053 -0.654979816705833 -0.612243590244114 -0.780928428167213 -0.0477062917542324 -0.213392904926883 -0.123828014584147
13 "WALKING_UPSTAIRS" -0.656713524546605 -0.628961179980356 -0.743608246170053 -0.654979816705833 -0.612243590244114 -0.780928428167213 -0.0477062917542324 -0.213392904926883 -0.123828014584147
20 "WALKING_UPSTAIRS" -0.656713524546605 -0.628961179980356 -0.743608246170053 -0.654979816705833 -0.612243590244114 -0.780928428167213 -0.0477062917542324 -0.213392904926883 -0.123828014584147
22 "WALKING_UPSTAIRS" -0.656713524546605 -0.628961179980356 -0.743608246170053 -0.654979816705833 -0.612243590244114 -0.780928428167213 -0.0477062917542324 -0.213392904926883 -0.123828014584147
4 "WALKING_UPSTAIRS" -0.656713524546605 -0.628961179980356 -0.743608246170053 -0.654979816705833 -0.612243590244114 -0.780928428167213 -0.0477062917542324 -0.213392904926883 -0.123828014584147
12 "WALKING_UPSTAIRS" -0.656713524546605 -0.628961179980356 -0.743608246170053 -0.654979816705833 -0.612243590244114 -0.780928428167213 -0.0477062917542324 -0.213392904926883 -0.123828014584147
9 "WALKING_UPSTAIRS" -0.656713524546605 -0.628961179980356 -0.743608246170053 -0.654979816705833 -0.612243590244114 -0.780928428167213 -0.0477062917542324 -0.213392904926883 -0.123828014584147
7 "WALKING_UPSTAIRS" -0.656713524546605 -0.628961179980356 -0.743608246170053 -0.654979816705833 -0.612243590244114 -0.780928428167213 -0.0477062917542324 -0.213392904926883 -0.123828014584147
11 "WALKING_UPSTAIRS" -0.656713524546605 -0.628961179980356 -0.743608246170053 -0.654979816705833 -0.612243590244114 -0.780928428167213 -0.0477062917542324 -0.213392904926883 -0.123828014584147
2 "WALKING_UPSTAIRS" -0.656713524546605 -0.628961179980356 -0.743608246170053 -0.654979816705833 -0.612243590244114 -0.780928428167213 -0.0477062917542324 -0.213392904926883 -0.123828014584147
6 "WALKING_UPSTAIRS" -0.656713524546605 -0.628961179980356 -0.743608246170053 -0.654979816705833 -0.612243590244114 -0.780928428167213 -0.0477062917542324 -0.213392904926883 -0.123828014584147
25 "WALKING_UPSTAIRS" -0.656713524546605 -0.628961179980356 -0.743608246170053 -0.654979816705833 -0.612243590244114 -0.780928428167213 -0.0477062917542324 -0.213392904926883 -0.123828014584147
5 "WALKING_UPSTAIRS" -0.656713524546605 -0.628961179980356 -0.743608246170053 -0.654979816705833 -0.612243590244114 -0.780928428167213 -0.0477062917542324 -0.213392904926883 -0.123828014584147
18 "WALKING_UPSTAIRS" -0.656713524546605 -0.628961179980356 -0.743608246170053 -0.654979816705833 -0.612243590244114 -0.780928428167213 -0.0477062917542324 -0.213392904926883 -0.123828014584147
15 "WALKING_UPSTAIRS" -0.656713524546605 -0.628961179980356 -0.743608246170053 -0.654979816705833 -0.612243590244114 -0.780928428167213 -0.0477062917542324 -0.213392904926883 -0.123828014584147
26 "WALKING_UPSTAIRS" -0.656713524546605 -0.628961179980356 -0.743608246170053 -0.654979816705833 -0.612243590244114 -0.780928428167213 -0.0477062917542324 -0.213392904926883 -0.123828014584147
8 "WALKING_UPSTAIRS" -0.656713524546605 -0.628961179980356 -0.743608246170053 -0.654979816705833 -0.612243590244114 -0.780928428167213 -0.0477062917542324 -0.213392904926883 -0.123828014584147
27 "WALKING_UPSTAIRS" -0.656713524546605 -0.628961179980356 -0.743608246170053 -0.654979816705833 -0.612243590244114 -0.780928428167213 -0.0477062917542324 -0.213392904926883 -0.123828014584147
14 "WALKING_UPSTAIRS" -0.656713524546605 -0.628961179980356 -0.743608246170053 -0.654979816705833 -0.612243590244114 -0.780928428167213 -0.0477062917542324 -0.213392904926883 -0.123828014584147
16 "WALKING_UPSTAIRS" -0.656713524546605 -0.628961179980356 -0.743608246170053 -0.654979816705833 -0.612243590244114 -0.780928428167213 -0.0477062917542324 -0.213392904926883 -0.123828014584147
28 "WALKING_UPSTAIRS" -0.656713524546605 -0.628961179980356 -0.743608246170053 -0.654979816705833 -0.612243590244114 -0.780928428167213 -0.0477062917542324 -0.213392904926883 -0.123828014584147
24 "WALKING_UPSTAIRS" -0.656713524546605 -0.628961179980356 -0.743608246170053 -0.654979816705833 -0.612243590244114 -0.780928428167213 -0.0477062917542324 -0.213392904926883 -0.123828014584147
17 "WALKING_UPSTAIRS" -0.656713524546605 -0.628961179980356 -0.743608246170053 -0.654979816705833 -0.612243590244114 -0.780928428167213 -0.0477062917542324 -0.213392904926883 -0.123828014584147
29 "WALKING_UPSTAIRS" -0.656713524546605 -0.628961179980356 -0.743608246170053 -0.654979816705833 -0.612243590244114 -0.780928428167213 -0.0477062917542324 -0.213392904926883 -0.123828014584147
10 "WALKING_UPSTAIRS" -0.656713524546605 -0.628961179980356 -0.743608246170053 -0.654979816705833 -0.612243590244114 -0.780928428167213 -0.0477062917542324 -0.213392904926883 -0.123828014584147
19 "WALKING_UPSTAIRS" -0.656713524546605 -0.628961179980356 -0.743608246170053 -0.654979816705833 -0.612243590244114 -0.780928428167213 -0.0477062917542324 -0.213392904926883 -0.123828014584147
30 "WALKING_UPSTAIRS" -0.656713524546605 -0.628961179980356 -0.743608246170053 -0.654979816705833 -0.612243590244114 -0.780928428167213 -0.0477062917542324 -0.213392904926883 -0.123828014584147
3 "WALKING_DOWNSTAIRS" -0.656713524546605 -0.628961179980356 -0.743608246170053 -0.654979816705833 -0.612243590244114 -0.780928428167213 -0.0477062917542324 -0.213392904926883 -0.123828014584147
13 "WALKING_DOWNSTAIRS" -0.656713524546605 -0.628961179980356 -0.743608246170053 -0.654979816705833 -0.612243590244114 -0.780928428167213 -0.0477062917542324 -0.213392904926883 -0.123828014584147
7 "WALKING_DOWNSTAIRS" -0.656713524546605 -0.628961179980356 -0.743608246170053 -0.654979816705833 -0.612243590244114 -0.780928428167213 -0.0477062917542324 -0.213392904926883 -0.123828014584147
14 "WALKING_DOWNSTAIRS" -0.656713524546605 -0.628961179980356 -0.743608246170053 -0.654979816705833 -0.612243590244114 -0.780928428167213 -0.0477062917542324 -0.213392904926883 -0.123828014584147
20 "WALKING_DOWNSTAIRS" -0.656713524546605 -0.628961179980356 -0.743608246170053 -0.654979816705833 -0.612243590244114 -0.780928428167213 -0.0477062917542324 -0.213392904926883 -0.123828014584147
18 "WALKING_DOWNSTAIRS" -0.656713524546605 -0.628961179980356 -0.743608246170053 -0.654979816705833 -0.612243590244114 -0.780928428167213 -0.0477062917542324 -0.213392904926883 -0.123828014584147
9 "WALKING_DOWNSTAIRS" -0.656713524546605 -0.628961179980356 -0.743608246170053 -0.654979816705833 -0.612243590244114 -0.780928428167213 -0.0477062917542324 -0.213392904926883 -0.123828014584147
11 "WALKING_DOWNSTAIRS" -0.656713524546605 -0.628961179980356 -0.743608246170053 -0.654979816705833 -0.612243590244114 -0.780928428167213 -0.0477062917542324 -0.213392904926883 -0.123828014584147
24 "WALKING_DOWNSTAIRS" -0.656713524546605 -0.628961179980356 -0.743608246170053 -0.654979816705833 -0.612243590244114 -0.780928428167213 -0.0477062917542324 -0.213392904926883 -0.123828014584147
22 "WALKING_DOWNSTAIRS" -0.656713524546605 -0.628961179980356 -0.743608246170053 -0.654979816705833 -0.612243590244114 -0.780928428167213 -0.0477062917542324 -0.213392904926883 -0.123828014584147
19 "WALKING_DOWNSTAIRS" -0.656713524546605 -0.628961179980356 -0.743608246170053 -0.654979816705833 -0.612243590244114 -0.780928428167213 -0.0477062917542324 -0.213392904926883 -0.123828014584147
6 "WALKING_DOWNSTAIRS" -0.656713524546605 -0.628961179980356 -0.743608246170053 -0.654979816705833 -0.612243590244114 -0.780928428167213 -0.0477062917542324 -0.213392904926883 -0.123828014584147
15 "WALKING_DOWNSTAIRS" -0.656713524546605 -0.628961179980356 -0.743608246170053 -0.654979816705833 -0.612243590244114 -0.780928428167213 -0.0477062917542324 -0.213392904926883 -0.123828014584147
17 "WALKING_DOWNSTAIRS" -0.656713524546605 -0.628961179980356 -0.743608246170053 -0.654979816705833 -0.612243590244114 -0.780928428167213 -0.0477062917542324 -0.213392904926883 -0.123828014584147
1 "WALKING_DOWNSTAIRS" -0.656713524546605 -0.628961179980356 -0.743608246170053 -0.654979816705833 -0.612243590244114 -0.780928428167213 -0.0477062917542324 -0.213392904926883 -0.123828014584147
21 "WALKING_DOWNSTAIRS" -0.656713524546605 -0.628961179980356 -0.743608246170053 -0.654979816705833 -0.612243590244114 -0.780928428167213 -0.0477062917542324 -0.213392904926883 -0.123828014584147
23 "WALKING_DOWNSTAIRS" -0.656713524546605 -0.628961179980356 -0.743608246170053 -0.654979816705833 -0.612243590244114 -0.780928428167213 -0.0477062917542324 -0.213392904926883 -0.123828014584147
25 "WALKING_DOWNSTAIRS" -0.656713524546605 -0.628961179980356 -0.743608246170053 -0.654979816705833 -0.612243590244114 -0.780928428167213 -0.0477062917542324 -0.213392904926883 -0.123828014584147
4 "WALKING_DOWNSTAIRS" -0.656713524546605 -0.628961179980356 -0.743608246170053 -0.654979816705833 -0.612243590244114 -0.780928428167213 -0.0477062917542324 -0.213392904926883 -0.123828014584147
26 "WALKING_DOWNSTAIRS" -0.656713524546605 -0.628961179980356 -0.743608246170053 -0.654979816705833 -0.612243590244114 -0.780928428167213 -0.0477062917542324 -0.213392904926883 -0.123828014584147
5 "WALKING_DOWNSTAIRS" -0.656713524546605 -0.628961179980356 -0.743608246170053 -0.654979816705833 -0.612243590244114 -0.780928428167213 -0.0477062917542324 -0.213392904926883 -0.123828014584147
8 "WALKING_DOWNSTAIRS" -0.656713524546605 -0.628961179980356 -0.743608246170053 -0.654979816705833 -0.612243590244114 -0.780928428167213 -0.0477062917542324 -0.213392904926883 -0.123828014584147
29 "WALKING_DOWNSTAIRS" -0.656713524546605 -0.628961179980356 -0.743608246170053 -0.654979816705833 -0.612243590244114 -0.780928428167213 -0.0477062917542324 -0.213392904926883 -0.123828014584147
27 "WALKING_DOWNSTAIRS" -0.656713524546605 -0.628961179980356 -0.743608246170053 -0.654979816705833 -0.612243590244114 -0.780928428167213 -0.0477062917542324 -0.213392904926883 -0.123828014584147
10 "WALKING_DOWNSTAIRS" -0.656713524546605 -0.628961179980356 -0.743608246170053 -0.654979816705833 -0.612243590244114 -0.780928428167213 -0.0477062917542324 -0.213392904926883 -0.123828014584147
16 "WALKING_DOWNSTAIRS" -0.656713524546605 -0.628961179980356 -0.743608246170053 -0.654979816705833 -0.612243590244114 -0.780928428167213 -0.0477062917542324 -0.213392904926883 -0.123828014584147
12 "WALKING_DOWNSTAIRS" -0.656713524546605 -0.628961179980356 -0.743608246170053 -0.654979816705833 -0.612243590244114 -0.780928428167213 -0.0477062917542324 -0.213392904926883 -0.123828014584147
28 "WALKING_DOWNSTAIRS" -0.656713524546605 -0.628961179980356 -0.743608246170053 -0.654979816705833 -0.612243590244114 -0.780928428167213 -0.0477062917542324 -0.213392904926883 -0.123828014584147
30 "WALKING_DOWNSTAIRS" -0.656713524546605 -0.628961179980356 -0.743608246170053 -0.654979816705833 -0.612243590244114 -0.780928428167213 -0.0477062917542324 -0.213392904926883 -0.123828014584147
2 "WALKING_DOWNSTAIRS" -0.656713524546605 -0.628961179980356 -0.743608246170053 -0.654979816705833 -0.612243590244114 -0.780928428167213 -0.0477062917542324 -0.213392904926883 -0.123828014584147
3 "SITTING" -0.656713524546605 -0.628961179980356 -0.743608246170053 -0.654979816705833 -0.612243590244114 -0.780928428167213 -0.0477062917542324 -0.213392904926883 -0.123828014584147
29 "SITTING" -0.656713524546605 -0.628961179980356 -0.743608246170053 -0.654979816705833 -0.612243590244114 -0.780928428167213 -0.0477062917542324 -0.213392904926883 -0.123828014584147
4 "SITTING" -0.656713524546605 -0.628961179980356 -0.743608246170053 -0.654979816705833 -0.612243590244114 -0.780928428167213 -0.0477062917542324 -0.213392904926883 -0.123828014584147
10 "SITTING" -0.656713524546605 -0.628961179980356 -0.743608246170053 -0.654979816705833 -0.612243590244114 -0.780928428167213 -0.0477062917542324 -0.213392904926883 -0.123828014584147
7 "SITTING" -0.656713524546605 -0.628961179980356 -0.743608246170053 -0.654979816705833 -0.612243590244114 -0.780928428167213 -0.0477062917542324 -0.213392904926883 -0.123828014584147
12 "SITTING" -0.656713524546605 -0.628961179980356 -0.743608246170053 -0.654979816705833 -0.612243590244114 -0.780928428167213 -0.0477062917542324 -0.213392904926883 -0.123828014584147
28 "SITTING" -0.656713524546605 -0.628961179980356 -0.743608246170053 -0.654979816705833 -0.612243590244114 -0.780928428167213 -0.0477062917542324 -0.213392904926883 -0.123828014584147
6 "SITTING" -0.656713524546605 -0.628961179980356 -0.743608246170053 -0.654979816705833 -0.612243590244114 -0.780928428167213 -0.0477062917542324 -0.213392904926883 -0.123828014584147
21 "SITTING" -0.656713524546605 -0.628961179980356 -0.743608246170053 -0.654979816705833 -0.612243590244114 -0.780928428167213 -0.0477062917542324 -0.213392904926883 -0.123828014584147
25 "SITTING" -0.656713524546605 -0.628961179980356 -0.743608246170053 -0.654979816705833 -0.612243590244114 -0.780928428167213 -0.0477062917542324 -0.213392904926883 -0.123828014584147
30 "SITTING" -0.656713524546605 -0.628961179980356 -0.743608246170053 -0.654979816705833 -0.612243590244114 -0.780928428167213 -0.0477062917542324 -0.213392904926883 -0.123828014584147
9 "SITTING" -0.656713524546605 -0.628961179980356 -0.743608246170053 -0.654979816705833 -0.612243590244114 -0.780928428167213 -0.0477062917542324 -0.213392904926883 -0.123828014584147
11 "SITTING" -0.656713524546605 -0.628961179980356 -0.743608246170053 -0.654979816705833 -0.612243590244114 -0.780928428167213 -0.0477062917542324 -0.213392904926883 -0.123828014584147
5 "SITTING" -0.656713524546605 -0.628961179980356 -0.743608246170053 -0.654979816705833 -0.612243590244114 -0.780928428167213 -0.0477062917542324 -0.213392904926883 -0.123828014584147
27 "SITTING" -0.656713524546605 -0.628961179980356 -0.743608246170053 -0.654979816705833 -0.612243590244114 -0.780928428167213 -0.0477062917542324 -0.213392904926883 -0.123828014584147
13 "SITTING" -0.656713524546605 -0.628961179980356 -0.743608246170053 -0.654979816705833 -0.612243590244114 -0.780928428167213 -0.0477062917542324 -0.213392904926883 -0.123828014584147
19 "SITTING" -0.656713524546605 -0.628961179980356 -0.743608246170053 -0.654979816705833 -0.612243590244114 -0.780928428167213 -0.0477062917542324 -0.213392904926883 -0.123828014584147
20 "SITTING" -0.656713524546605 -0.628961179980356 -0.743608246170053 -0.654979816705833 -0.612243590244114 -0.780928428167213 -0.0477062917542324 -0.213392904926883 -0.123828014584147
26 "SITTING" -0.656713524546605 -0.628961179980356 -0.743608246170053 -0.654979816705833 -0.612243590244114 -0.780928428167213 -0.0477062917542324 -0.213392904926883 -0.123828014584147
14 "SITTING" -0.656713524546605 -0.628961179980356 -0.743608246170053 -0.654979816705833 -0.612243590244114 -0.780928428167213 -0.0477062917542324 -0.213392904926883 -0.123828014584147
24 "SITTING" -0.656713524546605 -0.628961179980356 -0.743608246170053 -0.654979816705833 -0.612243590244114 -0.780928428167213 -0.0477062917542324 -0.213392904926883 -0.123828014584147
2 "SITTING" -0.656713524546605 -0.628961179980356 -0.743608246170053 -0.654979816705833 -0.612243590244114 -0.780928428167213 -0.0477062917542324 -0.213392904926883 -0.123828014584147
22 "SITTING" -0.656713524546605 -0.628961179980356 -0.743608246170053 -0.654979816705833 -0.612243590244114 -0.780928428167213 -0.0477062917542324 -0.213392904926883 -0.123828014584147
8 "SITTING" -0.656713524546605 -0.628961179980356 -0.743608246170053 -0.654979816705833 -0.612243590244114 -0.780928428167213 -0.0477062917542324 -0.213392904926883 -0.123828014584147
1 "SITTING" -0.656713524546605 -0.628961179980356 -0.743608246170053 -0.654979816705833 -0.612243590244114 -0.780928428167213 -0.0477062917542324 -0.213392904926883 -0.123828014584147
23 "SITTING" -0.656713524546605 -0.628961179980356 -0.743608246170053 -0.654979816705833 -0.612243590244114 -0.780928428167213 -0.0477062917542324 -0.213392904926883 -0.123828014584147
18 "SITTING" -0.656713524546605 -0.628961179980356 -0.743608246170053 -0.654979816705833 -0.612243590244114 -0.780928428167213 -0.0477062917542324 -0.213392904926883 -0.123828014584147
16 "SITTING" -0.656713524546605 -0.628961179980356 -0.743608246170053 -0.654979816705833 -0.612243590244114 -0.780928428167213 -0.0477062917542324 -0.213392904926883 -0.123828014584147
17 "SITTING" -0.656713524546605 -0.628961179980356 -0.743608246170053 -0.654979816705833 -0.612243590244114 -0.780928428167213 -0.0477062917542324 -0.213392904926883 -0.123828014584147
15 "SITTING" -0.656713524546605 -0.628961179980356 -0.743608246170053 -0.654979816705833 -0.612243590244114 -0.780928428167213 -0.0477062917542324 -0.213392904926883 -0.123828014584147
2 "STANDING" -0.656713524546605 -0.628961179980356 -0.743608246170053 -0.654979816705833 -0.612243590244114 -0.780928428167213 -0.0477062917542324 -0.213392904926883 -0.123828014584147
3 "STANDING" -0.656713524546605 -0.628961179980356 -0.743608246170053 -0.654979816705833 -0.612243590244114 -0.780928428167213 -0.0477062917542324 -0.213392904926883 -0.123828014584147
20 "STANDING" -0.656713524546605 -0.628961179980356 -0.743608246170053 -0.654979816705833 -0.612243590244114 -0.780928428167213 -0.0477062917542324 -0.213392904926883 -0.123828014584147
7 "STANDING" -0.656713524546605 -0.628961179980356 -0.743608246170053 -0.654979816705833 -0.612243590244114 -0.780928428167213 -0.0477062917542324 -0.213392904926883 -0.123828014584147
27 "STANDING" -0.656713524546605 -0.628961179980356 -0.743608246170053 -0.654979816705833 -0.612243590244114 -0.780928428167213 -0.0477062917542324 -0.213392904926883 -0.123828014584147
30 "STANDING" -0.656713524546605 -0.628961179980356 -0.743608246170053 -0.654979816705833 -0.612243590244114 -0.780928428167213 -0.0477062917542324 -0.213392904926883 -0.123828014584147
4 "STANDING" -0.656713524546605 -0.628961179980356 -0.743608246170053 -0.654979816705833 -0.612243590244114 -0.780928428167213 -0.0477062917542324 -0.213392904926883 -0.123828014584147
12 "STANDING" -0.656713524546605 -0.628961179980356 -0.743608246170053 -0.654979816705833 -0.612243590244114 -0.780928428167213 -0.0477062917542324 -0.213392904926883 -0.123828014584147
5 "STANDING" -0.656713524546605 -0.628961179980356 -0.743608246170053 -0.654979816705833 -0.612243590244114 -0.780928428167213 -0.0477062917542324 -0.213392904926883 -0.123828014584147
19 "STANDING" -0.656713524546605 -0.628961179980356 -0.743608246170053 -0.654979816705833 -0.612243590244114 -0.780928428167213 -0.0477062917542324 -0.213392904926883 -0.123828014584147
21 "STANDING" -0.656713524546605 -0.628961179980356 -0.743608246170053 -0.654979816705833 -0.612243590244114 -0.780928428167213 -0.0477062917542324 -0.213392904926883 -0.123828014584147
13 "STANDING" -0.656713524546605 -0.628961179980356 -0.743608246170053 -0.654979816705833 -0.612243590244114 -0.780928428167213 -0.0477062917542324 -0.213392904926883 -0.123828014584147
10 "STANDING" -0.656713524546605 -0.628961179980356 -0.743608246170053 -0.654979816705833 -0.612243590244114 -0.780928428167213 -0.0477062917542324 -0.213392904926883 -0.123828014584147
8 "STANDING" -0.656713524546605 -0.628961179980356 -0.743608246170053 -0.654979816705833 -0.612243590244114 -0.780928428167213 -0.0477062917542324 -0.213392904926883 -0.123828014584147
11 "STANDING" -0.656713524546605 -0.628961179980356 -0.743608246170053 -0.654979816705833 -0.612243590244114 -0.780928428167213 -0.0477062917542324 -0.213392904926883 -0.123828014584147
9 "STANDING" -0.656713524546605 -0.628961179980356 -0.743608246170053 -0.654979816705833 -0.612243590244114 -0.780928428167213 -0.0477062917542324 -0.213392904926883 -0.123828014584147
24 "STANDING" -0.656713524546605 -0.628961179980356 -0.743608246170053 -0.654979816705833 -0.612243590244114 -0.780928428167213 -0.0477062917542324 -0.213392904926883 -0.123828014584147
22 "STANDING" -0.656713524546605 -0.628961179980356 -0.743608246170053 -0.654979816705833 -0.612243590244114 -0.780928428167213 -0.0477062917542324 -0.213392904926883 -0.123828014584147
18 "STANDING" -0.656713524546605 -0.628961179980356 -0.743608246170053 -0.654979816705833 -0.612243590244114 -0.780928428167213 -0.0477062917542324 -0.213392904926883 -0.123828014584147
28 "STANDING" -0.656713524546605 -0.628961179980356 -0.743608246170053 -0.654979816705833 -0.612243590244114 -0.780928428167213 -0.0477062917542324 -0.213392904926883 -0.123828014584147
6 "STANDING" -0.656713524546605 -0.628961179980356 -0.743608246170053 -0.654979816705833 -0.612243590244114 -0.780928428167213 -0.0477062917542324 -0.213392904926883 -0.123828014584147
17 "STANDING" -0.656713524546605 -0.628961179980356 -0.743608246170053 -0.654979816705833 -0.612243590244114 -0.780928428167213 -0.0477062917542324 -0.213392904926883 -0.123828014584147
16 "STANDING" -0.656713524546605 -0.628961179980356 -0.743608246170053 -0.654979816705833 -0.612243590244114 -0.780928428167213 -0.0477062917542324 -0.213392904926883 -0.123828014584147
14 "STANDING" -0.656713524546605 -0.628961179980356 -0.743608246170053 -0.654979816705833 -0.612243590244114 -0.780928428167213 -0.0477062917542324 -0.213392904926883 -0.123828014584147
23 "STANDING" -0.656713524546605 -0.628961179980356 -0.743608246170053 -0.654979816705833 -0.612243590244114 -0.780928428167213 -0.0477062917542324 -0.213392904926883 -0.123828014584147
15 "STANDING" -0.656713524546605 -0.628961179980356 -0.743608246170053 -0.654979816705833 -0.612243590244114 -0.780928428167213 -0.0477062917542324 -0.213392904926883 -0.123828014584147
29 "STANDING" -0.656713524546605 -0.628961179980356 -0.743608246170053 -0.654979816705833 -0.612243590244114 -0.780928428167213 -0.0477062917542324 -0.213392904926883 -0.123828014584147
26 "STANDING" -0.656713524546605 -0.628961179980356 -0.743608246170053 -0.654979816705833 -0.612243590244114 -0.780928428167213 -0.0477062917542324 -0.213392904926883 -0.123828014584147
25 "STANDING" -0.656713524546605 -0.628961179980356 -0.743608246170053 -0.654979816705833 -0.612243590244114 -0.780928428167213 -0.0477062917542324 -0.213392904926883 -0.123828014584147
1 "STANDING" -0.656713524546605 -0.628961179980356 -0.743608246170053 -0.654979816705833 -0.612243590244114 -0.780928428167213 -0.0477062917542324 -0.213392904926883 -0.123828014584147
30 "LAYING" -0.656713524546605 -0.628961179980356 -0.743608246170053 -0.654979816705833 -0.612243590244114 -0.780928428167213 -0.0477062917542324 -0.213392904926883 -0.123828014584147
27 "LAYING" -0.656713524546605 -0.628961179980356 -0.743608246170053 -0.654979816705833 -0.612243590244114 -0.780928428167213 -0.0477062917542324 -0.213392904926883 -0.123828014584147
14 "LAYING" -0.656713524546605 -0.628961179980356 -0.743608246170053 -0.654979816705833 -0.612243590244114 -0.780928428167213 -0.0477062917542324 -0.213392904926883 -0.123828014584147
28 "LAYING" -0.656713524546605 -0.628961179980356 -0.743608246170053 -0.654979816705833 -0.612243590244114 -0.780928428167213 -0.0477062917542324 -0.213392904926883 -0.123828014584147
6 "LAYING" -0.656713524546605 -0.628961179980356 -0.743608246170053 -0.654979816705833 -0.612243590244114 -0.780928428167213 -0.0477062917542324 -0.213392904926883 -0.123828014584147
13 "LAYING" -0.656713524546605 -0.628961179980356 -0.743608246170053 -0.654979816705833 -0.612243590244114 -0.780928428167213 -0.0477062917542324 -0.213392904926883 -0.123828014584147
26 "LAYING" -0.656713524546605 -0.628961179980356 -0.743608246170053 -0.654979816705833 -0.612243590244114 -0.780928428167213 -0.0477062917542324 -0.213392904926883 -0.123828014584147
29 "LAYING" -0.656713524546605 -0.628961179980356 -0.743608246170053 -0.654979816705833 -0.612243590244114 -0.780928428167213 -0.0477062917542324 -0.213392904926883 -0.123828014584147
20 "LAYING" -0.656713524546605 -0.628961179980356 -0.743608246170053 -0.654979816705833 -0.612243590244114 -0.780928428167213 -0.0477062917542324 -0.213392904926883 -0.123828014584147
12 "LAYING" -0.656713524546605 -0.628961179980356 -0.743608246170053 -0.654979816705833 -0.612243590244114 -0.780928428167213 -0.0477062917542324 -0.213392904926883 -0.123828014584147
11 "LAYING" -0.656713524546605 -0.628961179980356 -0.743608246170053 -0.654979816705833 -0.612243590244114 -0.780928428167213 -0.0477062917542324 -0.213392904926883 -0.123828014584147
3 "LAYING" -0.656713524546605 -0.628961179980356 -0.743608246170053 -0.654979816705833 -0.612243590244114 -0.780928428167213 -0.0477062917542324 -0.213392904926883 -0.123828014584147
7 "LAYING" -0.656713524546605 -0.628961179980356 -0.743608246170053 -0.654979816705833 -0.612243590244114 -0.780928428167213 -0.0477062917542324 -0.213392904926883 -0.123828014584147
10 "LAYING" -0.656713524546605 -0.628961179980356 -0.743608246170053 -0.654979816705833 -0.612243590244114 -0.780928428167213 -0.0477062917542324 -0.213392904926883 -0.123828014584147
8 "LAYING" -0.656713524546605 -0.628961179980356 -0.743608246170053 -0.654979816705833 -0.612243590244114 -0.780928428167213 -0.0477062917542324 -0.213392904926883 -0.123828014584147
21 "LAYING" -0.656713524546605 -0.628961179980356 -0.743608246170053 -0.654979816705833 -0.612243590244114 -0.780928428167213 -0.0477062917542324 -0.213392904926883 -0.123828014584147
4 "LAYING" -0.656713524546605 -0.628961179980356 -0.743608246170053 -0.654979816705833 -0.612243590244114 -0.780928428167213 -0.0477062917542324 -0.213392904926883 -0.123828014584147
18 "LAYING" -0.656713524546605 -0.628961179980356 -0.743608246170053 -0.654979816705833 -0.612243590244114 -0.780928428167213 -0.0477062917542324 -0.213392904926883 -0.123828014584147
5 "LAYING" -0.656713524546605 -0.628961179980356 -0.743608246170053 -0.654979816705833 -0.612243590244114 -0.780928428167213 -0.0477062917542324 -0.213392904926883 -0.123828014584147
22 "LAYING" -0.656713524546605 -0.628961179980356 -0.743608246170053 -0.654979816705833 -0.612243590244114 -0.780928428167213 -0.0477062917542324 -0.213392904926883 -0.123828014584147
9 "LAYING" -0.656713524546605 -0.628961179980356 -0.743608246170053 -0.654979816705833 -0.612243590244114 -0.780928428167213 -0.0477062917542324 -0.213392904926883 -0.123828014584147
25 "LAYING" -0.656713524546605 -0.628961179980356 -0.743608246170053 -0.654979816705833 -0.612243590244114 -0.780928428167213 -0.0477062917542324 -0.213392904926883 -0.123828014584147
19 "LAYING" -0.656713524546605 -0.628961179980356 -0.743608246170053 -0.654979816705833 -0.612243590244114 -0.780928428167213 -0.0477062917542324 -0.213392904926883 -0.123828014584147
23 "LAYING" -0.656713524546605 -0.628961179980356 -0.743608246170053 -0.654979816705833 -0.612243590244114 -0.780928428167213 -0.0477062917542324 -0.213392904926883 -0.123828014584147
24 "LAYING" -0.656713524546605 -0.628961179980356 -0.743608246170053 -0.654979816705833 -0.612243590244114 -0.780928428167213 -0.0477062917542324 -0.213392904926883 -0.123828014584147
16 "LAYING" -0.656713524546605 -0.628961179980356 -0.743608246170053 -0.654979816705833 -0.612243590244114 -0.780928428167213 -0.0477062917542324 -0.213392904926883 -0.123828014584147
1 "LAYING" -0.656713524546605 -0.628961179980356 -0.743608246170053 -0.654979816705833 -0.612243590244114 -0.780928428167213 -0.0477062917542324 -0.213392904926883 -0.123828014584147
15 "LAYING" -0.656713524546605 -0.628961179980356 -0.743608246170053 -0.654979816705833 -0.612243590244114 -0.780928428167213 -0.0477062917542324 -0.213392904926883 -0.123828014584147
2 "LAYING" -0.656713524546605 -0.628961179980356 -0.743608246170053 -0.654979816705833 -0.612243590244114 -0.780928428167213 -0.0477062917542324 -0.213392904926883 -0.123828014584147
17 "LAYING" -0.656713524546605 -0.628961179980356 -0.743608246170053 -0.654979816705833 -0.612243590244114 -0.780928428167213 -0.0477062917542324 -0.213392904926883 -0.123828014584147
